10 0.25390625 0.6109375 0.0421875 0.078125
10 0.903125 0.67265625 0.03984375 0.065625
10 0.06171875 0.671875 0.0390625 0.06953125
10 0.61953125 0.6640625 0.04140625 0.07578125
10 0.05859375 0.51484375 0.04140625 0.078125
7 0.33515625 0.3765625 0.18671875 0.41484375
10 0.89609375 0.7953125 0.0359375 0.06953125
10 0.61796875 0.33046875 0.03671875 0.0671875
10 0.34140625 0.68671875 0.04296875 0.07734375
10 0.25234375 0.48515625 0.0359375 0.065625
10 0.4265625 0.6125 0.04140625 0.071875
10 0.2515625 0.1796875 0.0421875 0.075
10 0.6171875 0.03125 0.03671875 0.06171875
10 0.3984375 0.67421875 0.04140625 0.07265625
10 0.2734375 0.82890625 0.03828125 0.0515625
10 0.4109375 0.8328125 0.02578125 0.0421875
6 0.68125 0.67890625 0.05078125 0.12578125