10 0.33671875 0.67109375 0.040625 0.07578125
7 0.3328125 0.3890625 0.1765625 0.43984375
6 0.63203125 0.528125 0.04921875 0.12578125
10 0.478125 0.7875 0.0421875 0.07734375
10 0.38359375 0.77890625 0.04375 0.071875
10 0.253125 0.753125 0.04375 0.07734375
10 0.47421875 0.5171875 0.03671875 0.06953125
10 0.47734375 0.14765625 0.03671875 0.0671875
10 0.28515625 0.67109375 0.04140625 0.07578125
10 0.38203125 0.5765625 0.0421875 0.0765625
10 0.19765625 0.32890625 0.0421875 0.07109375
10 0.7078125 0.0265625 0.0453125 0.05234375
10 0.19453125 0.67109375 0.03828125 0.0703125
10 0.19375 0.15625 0.04609375 0.078125
10 0.69453125 0.68359375 0.03359375 0.07421875
10 0.3359375 0.8359375 0.03046875 0.03984375
10 0.7078125 0.8015625 0.0375 0.06875