10 0.29609375 0.74296875 0.03828125 0.0640625
10 0.48828125 0.65 0.03828125 0.0703125
10 0.190625 0.5 0.0359375 0.06953125
10 0.19140625 0.0359375 0.046875 0.071875
10 0.3796875 0.61015625 0.0359375 0.07109375
10 0.48515625 0.52109375 0.0375 0.0671875
10 0.721875 0.14296875 0.04609375 0.08515625
7 0.33671875 0.378125 0.18046875 0.4265625
6 0.6375 0.47734375 0.0484375 0.13671875
10 0.3390625 0.80859375 0.040625 0.06875
10 0.1921875 0.6625 0.0390625 0.071875
10 0.28203125 0.63125 0.034375 0.06328125
10 0.48828125 0.1453125 0.0375 0.06484375
10 0.340625 0.63359375 0.040625 0.07578125
10 0.721875 0.80078125 0.053125 0.0921875
10 0.71015625 0.65625 0.04140625 0.07578125