10 0.46640625 0.653125 0.0421875 0.07421875
10 0.46796875 0.5125 0.0421875 0.075
6 0.684375 0.79296875 0.04296875 0.1234375
7 0.3359375 0.37109375 0.17890625 0.40234375
10 0.68125 0.51484375 0.03984375 0.06875
10 0.30625 0.534375 0.0390625 0.06640625
10 0.68125 0.14296875 0.03828125 0.06796875
10 0.33515625 0.61484375 0.04453125 0.07578125
10 0.46875 0.16171875 0.0421875 0.07421875
10 0.6828125 0.65078125 0.03828125 0.06953125
10 0.209375 0.640625 0.0390625 0.06953125
10 0.2109375 0.03828125 0.04609375 0.07578125
10 0.37421875 0.5203125 0.0375 0.06328125
10 0.40703125 0.8265625 0.03671875 0.05078125
10 0.2078125 0.3359375 0.0421875 0.07734375
10 0.33828125 0.83359375 0.03125 0.0359375
10 0.0078125 0.02890625 0.015625 0.0578125
10 0.0046875 0.5015625 0.009375 0.0671875
10 0.92421875 0.8078125 0.01796875 0.05859375