6 0.38359375 0.59375 0.05546875 0.13515625
7 0.6671875 0.359375 0.17734375 0.403125
10 0.9541015625 0.8229166671874999 0.962890625 0.8038194437499999 0.962890625 0.7795138890625 0.9541015625 0.7638888890625 0.9501953125 0.7604166671875 0.9345703125 0.7604166671875 0.923828125 0.7725694437499999 0.92578125 0.8038194437499999 0.9384765625 0.8263888890625 0.9501953125 0.8263888890625 0.9541015625 0.8229166671874999
10 0.9736328125 0.7048611109375 0.9873046875 0.7048611109375 1 0.6822916671875 0.998046875 0.6579861109375 0.9912109375 0.6458333328125 0.9833984375 0.6388888890625 0.9716796875 0.6388888890625 0.9609375 0.6579861109375 0.9609375 0.6788194437499999 0.9697265625 0.7013888890625 0.9736328125 0.7048611109375
10 0.7490234375 0.6423611109375 0.7666015625 0.6354166671875 0.775390625 0.6197916671875 0.7734375 0.5850694437499999 0.7607421875 0.5625 0.7470703125 0.565972221875 0.736328125 0.581597221875 0.732421875 0.612847221875 0.7490234375 0.6423611109375
10 0.7587890625 0.5104166671875 0.767578125 0.4947916671875 0.771484375 0.4739583328125 0.76953125 0.44965277812500004 0.7587890625 0.43402777812500004 0.7412109375 0.43402777812500004 0.7373046875 0.4375 0.732421875 0.44618055625 0.73046875 0.45659722187499996 0.73046875 0.484375 0.734375 0.4982638890625 0.7451171875 0.5104166671875 0.7587890625 0.5104166671875
10 0.7099609375 0.5625 0.712890625 0.5538194437499999 0.712890625 0.5260416671875 0.708984375 0.512152778125 0.6982421875 0.503472221875 0.6845703125 0.5069444437499999 0.6767578125 0.5138888890625 0.673828125 0.5260416671875 0.673828125 0.5399305562500001 0.677734375 0.5572916671875 0.6826171875 0.565972221875 0.7041015625 0.565972221875 0.7099609375 0.5625
10 0.7138671875 0.7361111109375 0.72265625 0.7239583328125 0.7265625 0.7100694437499999 0.724609375 0.6892361109375 0.7138671875 0.6701388890625 0.7001953125 0.6666666671875 0.6875 0.6857638890625 0.6875 0.7135416671875 0.7001953125 0.7361111109375 0.7138671875 0.7361111109375
10 0.68359375 0.831597221875 0.685546875 0.8211805562500001 0.685546875 0.8107638890625 0.681640625 0.796875 0.6708984375 0.78125 0.6591796875 0.78125 0.6552734375 0.784722221875 0.646484375 0.800347221875 0.646484375 0.8177083328125001 0.650390625 0.8350694437499999 0.6533203125 0.840277778125 0.6787109375 0.840277778125 0.68359375 0.831597221875
10 0.4150390625 0.6944444437499999 0.421875 0.6788194437499999 0.423828125 0.6649305562500001 0.421875 0.6545138890625 0.4130859375 0.6354166671875 0.4072265625 0.6354166671875 0.404296875 0.640625 0.404296875 0.6475694437499999 0.3994140625 0.652777778125 0.3857421875 0.652777778125 0.3828125 0.6579861109375 0.3828125 0.6649305562500001 0.3916015625 0.690972221875 0.3994140625 0.6979166671875 0.4091796875 0.6979166671875 0.4150390625 0.6944444437499999
10 0.3837890625 0.8194444437499999 0.3935546875 0.8194444437499999 0.408203125 0.793402778125 0.40625 0.7725694437499999 0.3935546875 0.753472221875 0.3779296875 0.75 0.3671875 0.769097221875 0.3671875 0.7864583328125 0.37109375 0.8038194437499999 0.3759765625 0.8125 0.3837890625 0.8194444437499999
10 0.6328125 0.6822916671875 0.634765625 0.675347221875 0.634765625 0.6510416671875 0.6328125 0.644097221875 0.6279296875 0.6354166671875 0.6025390625 0.6319444437499999 0.595703125 0.644097221875 0.59375 0.6579861109375 0.599609375 0.6822916671875 0.6083984375 0.6979166671875 0.6162109375 0.7013888890625 0.6259765625 0.6944444437499999 0.6328125 0.6822916671875
10 0.3974609375 0.1770833328125 0.40625 0.1614583328125 0.408203125 0.13368055625 0.3955078125 0.1111111109375 0.3759765625 0.1111111109375 0.369140625 0.1232638890625 0.3671875 0.14756944375 0.37109375 0.16493055625 0.3779296875 0.1770833328125 0.3916015625 0.18055555625 0.3974609375 0.1770833328125
10 0.1220703125 0.5208333328125 0.12890625 0.5017361109375 0.12890625 0.48784722187499996 0.123046875 0.4670138890625 0.1162109375 0.4583333328125 0.1025390625 0.4583333328125 0.09375 0.4739583328125 0.08984375 0.48784722187499996 0.087890625 0.5052083328125 0.08984375 0.512152778125 0.0966796875 0.5243055562500001 0.1025390625 0.527777778125 0.1220703125 0.5208333328125
10 0.1005859375 0.684027778125 0.1162109375 0.6805555562500001 0.126953125 0.6579861109375 0.125 0.6302083328125 0.1201171875 0.6180555562500001 0.1025390625 0.6180555562500001 0.0986328125 0.621527778125 0.091796875 0.637152778125 0.091796875 0.6510416671875 0.0966796875 0.6631944437499999 0.091796875 0.671875 0.1005859375 0.684027778125
10 0.7734375 0.078125 0.775390625 0.07118055625 0.775390625 0.046875 0.771484375 0.0329861109375 0.7646484375 0.0208333328125 0.7509765625 0.0173611109375 0.7451171875 0.0208333328125 0.736328125 0.0364583328125 0.73046875 0.053819443749999994 0.73046875 0.06770833281250001 0.7431640625 0.1076388890625 0.74609375 0.105902778125 0.75390625 0.08506944375 0.7685546875 0.08333333281250001 0.7734375 0.078125
10 0.9267578125 0 0.923828125 0.012152778125 0.927734375 0.043402778125 0.9306640625 0.0486111109375 0.9443359375 0.05208333281250001 0.9580078125 0.0416666671875 0.962890625 0.0295138890625 0.962890625 0.0052083328125 0.9599609375 0 0.9267578125 0