10 0.38671875 0.56328125 0.040625 0.07109375
10 0.41328125 0.74765625 0.04453125 0.075
6 0.66015625 0.78203125 0.04140625 0.13046875
7 0.33671875 0.36875 0.18203125 0.40546875
10 0.76640625 0.51484375 0.0421875 0.075
10 0.521875 0.1484375 0.0390625 0.06484375
10 0.15703125 0.66484375 0.0453125 0.0828125
10 0.1546875 0.0234375 0.04375 0.046875
10 0.33984375 0.684375 0.040625 0.0765625
10 0.15546875 0.32265625 0.0421875 0.071875
10 0.7640625 0.65703125 0.04453125 0.0765625
10 0.52109375 0.7796875 0.0359375 0.065625
10 0.52421875 0.515625 0.0390625 0.06484375
10 0.26953125 0.7765625 0.04375 0.07734375
10 0.765625 0.1546875 0.04453125 0.07890625
10 0.2859375 0.640625 0.03984375 0.0703125