6 0.61640625 0.59375 0.05546875 0.13515625
7 0.3328125 0.359375 0.17734375 0.403125
10 0.0498046875 0.8263888890625 0.0615234375 0.8263888890625 0.07421875 0.8038194437499999 0.076171875 0.7725694437499999 0.0654296875 0.7604166671875 0.0498046875 0.7604166671875 0.0458984375 0.7638888890625 0.037109375 0.7795138890625 0.037109375 0.8038194437499999 0.0458984375 0.8229166671874999 0.0498046875 0.8263888890625
10 0.0302734375 0.7013888890625 0.0390625 0.6788194437499999 0.0390625 0.6579861109375 0.0283203125 0.6388888890625 0.0166015625 0.6388888890625 0.0087890625 0.6458333328125 0.001953125 0.6579861109375 0 0.6822916671875 0.0126953125 0.7048611109375 0.0263671875 0.7048611109375 0.0302734375 0.7013888890625
10 0.267578125 0.612847221875 0.263671875 0.581597221875 0.2529296875 0.565972221875 0.2392578125 0.5625 0.2265625 0.5850694437499999 0.224609375 0.6197916671875 0.2333984375 0.6354166671875 0.2509765625 0.6423611109375 0.267578125 0.612847221875
10 0.2548828125 0.5104166671875 0.265625 0.4982638890625 0.26953125 0.484375 0.26953125 0.45659722187499996 0.267578125 0.44618055625 0.2626953125 0.4375 0.2587890625 0.43402777812500004 0.2412109375 0.43402777812500004 0.23046875 0.44965277812500004 0.228515625 0.4739583328125 0.232421875 0.4947916671875 0.2412109375 0.5104166671875 0.2548828125 0.5104166671875
10 0.2958984375 0.565972221875 0.3173828125 0.565972221875 0.322265625 0.5572916671875 0.326171875 0.5399305562500001 0.326171875 0.5260416671875 0.3232421875 0.5138888890625 0.3154296875 0.5069444437499999 0.3017578125 0.503472221875 0.291015625 0.512152778125 0.287109375 0.5260416671875 0.287109375 0.5538194437499999 0.2900390625 0.5625 0.2958984375 0.565972221875
10 0.2998046875 0.7361111109375 0.3125 0.7135416671875 0.3125 0.6857638890625 0.2998046875 0.6666666671875 0.2861328125 0.6701388890625 0.275390625 0.6892361109375 0.2734375 0.7100694437499999 0.27734375 0.7239583328125 0.2861328125 0.7361111109375 0.2998046875 0.7361111109375
10 0.3212890625 0.840277778125 0.3466796875 0.840277778125 0.349609375 0.8350694437499999 0.353515625 0.8177083328125001 0.353515625 0.800347221875 0.3447265625 0.784722221875 0.3408203125 0.78125 0.3291015625 0.78125 0.318359375 0.796875 0.314453125 0.8107638890625 0.314453125 0.8211805562500001 0.31640625 0.831597221875 0.3212890625 0.840277778125
10 0.5908203125 0.6979166671875 0.6005859375 0.6979166671875 0.6083984375 0.690972221875 0.6171875 0.6649305562500001 0.6171875 0.6579861109375 0.6142578125 0.652777778125 0.6005859375 0.652777778125 0.595703125 0.6475694437499999 0.595703125 0.640625 0.5927734375 0.6354166671875 0.5869140625 0.6354166671875 0.578125 0.6545138890625 0.576171875 0.6649305562500001 0.578125 0.6788194437499999 0.5849609375 0.6944444437499999 0.5908203125 0.6979166671875
10 0.6240234375 0.8125 0.62890625 0.8038194437499999 0.6328125 0.7864583328125 0.6328125 0.769097221875 0.6220703125 0.75 0.6064453125 0.753472221875 0.59375 0.7725694437499999 0.591796875 0.793402778125 0.6064453125 0.8194444437499999 0.6162109375 0.8194444437499999 0.6240234375 0.8125
10 0.3740234375 0.6944444437499999 0.3837890625 0.7013888890625 0.3916015625 0.6979166671875 0.400390625 0.6822916671875 0.40625 0.6579861109375 0.404296875 0.644097221875 0.3974609375 0.6319444437499999 0.3720703125 0.6354166671875 0.3671875 0.644097221875 0.365234375 0.6510416671875 0.365234375 0.675347221875 0.3671875 0.6822916671875 0.3740234375 0.6944444437499999
10 0.6083984375 0.18055555625 0.6220703125 0.1770833328125 0.62890625 0.16493055625 0.6328125 0.14756944375 0.630859375 0.1232638890625 0.6240234375 0.1111111109375 0.6044921875 0.1111111109375 0.591796875 0.13368055625 0.59375 0.1614583328125 0.6025390625 0.1770833328125 0.6083984375 0.18055555625
10 0.8974609375 0.527777778125 0.9033203125 0.5243055562500001 0.91015625 0.512152778125 0.912109375 0.5052083328125 0.91015625 0.48784722187499996 0.90625 0.4739583328125 0.8974609375 0.4583333328125 0.8837890625 0.4583333328125 0.876953125 0.4670138890625 0.87109375 0.48784722187499996 0.87109375 0.5017361109375 0.8779296875 0.5208333328125 0.8974609375 0.527777778125
10 0.908203125 0.671875 0.9033203125 0.6631944437499999 0.908203125 0.6510416671875 0.908203125 0.637152778125 0.9013671875 0.621527778125 0.8974609375 0.6180555562500001 0.8798828125 0.6180555562500001 0.875 0.6302083328125 0.873046875 0.6579861109375 0.8837890625 0.6805555562500001 0.8994140625 0.684027778125 0.908203125 0.671875
10 0.2314453125 0.08333333281250001 0.24609375 0.08506944375 0.25390625 0.105902778125 0.2568359375 0.1076388890625 0.26953125 0.06770833281250001 0.26953125 0.053819443749999994 0.263671875 0.0364583328125 0.2548828125 0.0208333328125 0.2490234375 0.0173611109375 0.2353515625 0.0208333328125 0.228515625 0.0329861109375 0.224609375 0.046875 0.224609375 0.07118055625 0.2265625 0.078125 0.2314453125 0.08333333281250001
10 0.0400390625 0 0.037109375 0.0052083328125 0.037109375 0.0295138890625 0.0419921875 0.0416666671875 0.0556640625 0.05208333281250001 0.0693359375 0.0486111109375 0.072265625 0.043402778125 0.076171875 0.012152778125 0.0732421875 0 0.0400390625 0