10 0.29375 0.55234375 0.0375 0.06875
7 0.33203125 0.37578125 0.1828125 0.41953125
10 0.17890625 0.6703125 0.04453125 0.07890625
10 0.33984375 0.659375 0.03984375 0.06484375
10 0.41328125 0.76328125 0.03984375 0.06953125
10 0.3359375 0.76875 0.04296875 0.07734375
10 0.49765625 0.67265625 0.0390625 0.07109375
6 0.69296875 0.7875 0.03984375 0.12265625
10 0.728125 0.03046875 0.0390625 0.0609375
10 0.178125 0.515625 0.0421875 0.06796875
10 0.38828125 0.63671875 0.03515625 0.06640625
10 0.49453125 0.31953125 0.04296875 0.0734375
10 0.7265625 0.32734375 0.040625 0.06875
10 0.72578125 0.6546875 0.04609375 0.07890625