10 0.97734375 0.796875 0.04375 0.078125
10 0.7140625 0.75 0.04453125 0.0734375
10 0.5890625 0.69453125 0.04140625 0.071875
7 0.66484375 0.3734375 0.18359375 0.403125
10 0.62734375 0.5796875 0.03671875 0.06328125
10 0.7703125 0.49453125 0.03671875 0.06640625
10 0.975 0.52265625 0.0375 0.0703125
10 0.715625 0.5765625 0.04453125 0.07109375
10 0.35 0.52734375 0.0359375 0.0671875
10 0.5546875 0.6484375 0.0421875 0.07421875
10 0.078125 0.52578125 0.025 0.0625
10 0.35234375 0.79140625 0.040625 0.06953125
6 0.38515625 0.7015625 0.0484375 0.1359375
10 0.9765625 0.13984375 0.04375 0.08046875
10 0.35078125 0.159375 0.0453125 0.08125
10 0.55703125 0.040625 0.03828125 0.06015625
10 0.77109375 0.165625 0.046875 0.08671875
10 0.76953125 0.7390625 0.03828125 0.071875
10 0.66328125 0.8359375 0.03359375 0.03515625
10 0.0765625 0.790625 0.0203125 0.06640625
10 0.55546875 0.3375 0.0390625 0.071875
10 0.6625 0.54296875 0.03671875 0.05703125