7 0.66953125 0.37890625 0.18046875 0.440625
10 0.621875 0.584375 0.0390625 0.07578125
10 0.4890625 0.50078125 0.04140625 0.071875
10 0.4859375 0.1328125 0.0375 0.0609375
10 0.2546875 0.66953125 0.04296875 0.075
10 0.7 0.62109375 0.03984375 0.071875
10 0.246875 0.79453125 0.040625 0.071875
10 0.4890625 0.77421875 0.046875 0.07421875
10 0.66484375 0.64921875 0.0375 0.065625
10 0.246875 0.14609375 0.04453125 0.07734375
10 0.83984375 0.334375 0.04453125 0.08203125
10 0.83984375 0.7796875 0.0390625 0.0703125
10 0.665625 0.753125 0.0390625 0.06640625
6 0.34140625 0.50234375 0.04609375 0.13046875