10 0.10078125 0.334375 0.0390625 0.071875
7 0.3375 0.3703125 0.18203125 0.40703125
10 0.3375 0.75234375 0.04375 0.0734375
10 0.2765625 0.5453125 0.03671875 0.059375
10 0.2828125 0.62421875 0.034375 0.06484375
10 0.4046875 0.64921875 0.04453125 0.0765625
10 0.57890625 0.66328125 0.04140625 0.078125
10 0.09921875 0.784375 0.04140625 0.0703125
10 0.84609375 0.78671875 0.04296875 0.075
10 0.84609375 0.6609375 0.0421875 0.07578125
10 0.57734375 0.31484375 0.0375 0.0671875
10 0.57734375 0.153125 0.0375 0.06484375
10 0.41015625 0.725 0.040625 0.06640625
10 0.40546875 0.4546875 0.03515625 0.06640625
10 0.84296875 0.03203125 0.03671875 0.06328125
10 0.37890625 0.5078125 0.03671875 0.0609375
10 0.40390625 0.20234375 0.04609375 0.08203125
10 0.27578125 0.1953125 0.04375 0.071875
6 0.71953125 0.61640625 0.04453125 0.0890625