10 0.4828125 0.6609375 0.04453125 0.0734375
10 0.5078125 0.7859375 0.04296875 0.071875
7 0.3359375 0.3796875 0.17890625 0.42734375
10 0.40234375 0.75078125 0.03984375 0.06796875
10 0.38046875 0.65234375 0.0359375 0.06171875
6 0.65234375 0.77265625 0.05234375 0.13515625
10 0.14140625 0.66640625 0.040625 0.07265625
10 0.5078125 0.03125 0.03984375 0.0609375
10 0.7546875 0.771875 0.0453125 0.07734375
10 0.33984375 0.6296875 0.0390625 0.0734375
10 0.7546875 0.52109375 0.03828125 0.06796875
10 0.75546875 0.0234375 0.04140625 0.04609375
10 0.29453125 0.6140625 0.0359375 0.06796875
10 0.16875 0.79140625 0.04296875 0.08046875