10 0.165625 0.31953125 0.040625 0.06953125
10 0.4296875 0.1484375 0.0421875 0.07890625
10 0.6609375 0.64296875 0.0390625 0.06796875
6 0.334375 0.75078125 0.0515625 0.125
10 0.42578125 0.52421875 0.03984375 0.07578125
10 0.89375 0.3203125 0.04296875 0.07734375
10 0.6046875 0.2203125 0.046875 0.08203125
10 0.43125 0.7875 0.0390625 0.06796875
7 0.66328125 0.37421875 0.18359375 0.41875
10 0.16328125 0.67265625 0.04140625 0.07578125
10 0.60703125 0.6109375 0.03828125 0.0703125
10 0.71015625 0.76796875 0.03828125 0.065625
10 0.6078125 0.790625 0.03984375 0.065625
10 0.721875 0.5421875 0.03984375 0.06953125
10 0.89296875 0.7953125 0.04140625 0.07109375
10 0.71171875 0.13984375 0.04375 0.07265625
10 0.7140625 0.6046875 0.040625 0.06875
10 0.759375 0.809375 0.04453125 0.075
10 0.16328125 0.02578125 0.04375 0.05078125