6 0.6953125 0.78515625 0.0421875 0.128125
10 0.33828125 0.75234375 0.04375 0.07265625
10 0.396875 0.615625 0.0390625 0.06953125
10 0.23359375 0.6234375 0.04375 0.07734375
10 0.62578125 0.6703125 0.0421875 0.07734375
10 0.0546875 0.503125 0.040625 0.06875
10 0.2484375 0.71328125 0.0453125 0.0828125
10 0.9109375 0.52109375 0.0390625 0.07265625
10 0.05390625 0.76875 0.03828125 0.071875
10 0.62734375 0.33359375 0.0375 0.06875
10 0.43359375 0.71796875 0.03828125 0.06171875
7 0.334375 0.3734375 0.17890625 0.4234375
10 0.43359375 0.0578125 0.03828125 0.0671875
10 0.625 0.02109375 0.03984375 0.0421875
10 0.90625 0.7828125 0.03671875 0.06875
10 0.23671875 0.8171875 0.0484375 0.06484375
10 0.44296875 0.82734375 0.03046875 0.04296875
10 0.41328125 0.821875 0.03515625 0.05234375
10 0.246875 0.06484375 0.034375 0.06953125
10 0.05078125 0.1390625 0.0359375 0.075