10 0.5359375 0.7734375 0.04140625 0.07109375
10 0.5359375 0.52734375 0.0375 0.06953125
10 0.14296875 0.32109375 0.04296875 0.07109375
10 0.33984375 0.753125 0.040625 0.07421875
10 0.784375 0.66640625 0.04296875 0.08125
10 0.290625 0.721875 0.04296875 0.075
7 0.33828125 0.37109375 0.18203125 0.40234375
10 0.53671875 0.0234375 0.040625 0.046875
10 0.3046875 0.5453125 0.040625 0.07421875
10 0.39921875 0.7875 0.04375 0.07734375
10 0.13984375 0.66953125 0.03828125 0.06796875
10 0.3765625 0.58984375 0.0390625 0.0609375
6 0.67109375 0.78671875 0.03984375 0.13203125
10 0.78515625 0.321875 0.0421875 0.075
10 0.371875 0.5390625 0.04140625 0.065625
10 0.784375 0.0296875 0.03984375 0.05859375