10 0.40234375 0.6453125 0.04375 0.0765625
10 0.8453125 0.77890625 0.0375 0.06640625
7 0.33515625 0.37734375 0.1921875 0.43125
10 0.84296875 0.02890625 0.0328125 0.05703125
10 0.57578125 0.503125 0.04296875 0.07421875
10 0.27890625 0.65 0.04296875 0.075
10 0.5765625 0.659375 0.04375 0.078125
10 0.40234375 0.215625 0.04765625 0.084375
10 0.84453125 0.3234375 0.03828125 0.0703125
10 0.2671875 0.5671875 0.04375 0.07578125
10 0.36484375 0.56171875 0.040625 0.0734375
10 0.33828125 0.7625 0.0375 0.0609375
10 0.39453125 0.8046875 0.0453125 0.08203125
10 0.09453125 0.3359375 0.04296875 0.0765625
10 0.575 0.02578125 0.04375 0.0515625
6 0.6640625 0.784375 0.04375 0.1328125
10 0.09453125 0.7734375 0.04140625 0.0796875
10 0.3375 0.83046875 0.02890625 0.0390625
10 0.2578125 0.8171875 0.046875 0.06640625