7 0.6625 0.37421875 0.18359375 0.40625
10 0.5984375 0.6328125 0.03984375 0.06875
10 0.8453125 0.6859375 0.0421875 0.07109375
10 0.50234375 0.14375 0.04453125 0.0734375
10 0.53125 0.6828125 0.0359375 0.06796875
10 0.6609375 0.7890625 0.04296875 0.07421875
10 0.66015625 0.5765625 0.04140625 0.07421875
6 0.32890625 0.790625 0.0390625 0.13046875
10 0.271875 0.1484375 0.040625 0.06875
10 0.82109375 0.02578125 0.04609375 0.05078125
10 0.27421875 0.50625 0.0390625 0.0640625
10 0.709375 0.62265625 0.0421875 0.07421875
10 0.50234375 0.7984375 0.03671875 0.06875
10 0.76015625 0.82421875 0.04453125 0.0609375
10 0.5609375 0.8296875 0.0359375 0.04921875
10 0.81953125 0.8078125 0.03828125 0.07109375
10 0.275 0.6625 0.04296875 0.071875