6 0.46328125 0.78671875 0.0421875 0.13203125
8 0.634375 0.53828125 0.04140625 0.628125
8 0.22265625 0.5359375 0.04375 0.6203125
8 0.53203125 0.5265625 0.03828125 0.65390625
8 0.11796875 0.54453125 0.04296875 0.59765625
8 0.31796875 0.5453125 0.0515625 0.60703125
8 0.84921875 0.534375 0.04453125 0.6203125
8 0.428125 0.53828125 0.0375 0.6375
8 0.74375 0.54140625 0.04296875 0.621875
8 0.94609375 0.5015625 0.040625 0.696875
4 0.73828125 0.67890625 0.1453125 0.346875
8 0.031299890625 0.8502141109375 0.0000445171875 0.27578880781250004 0 0.8500000015625 0.031299890625 0.8502141109375