10 0.52109375 0.15234375 0.0421875 0.07734375
10 0.5234375 0.78359375 0.0390625 0.0703125
10 0.6984375 0.63359375 0.03671875 0.07109375
6 0.32421875 0.784375 0.0390625 0.1296875
7 0.6671875 0.3796875 0.17890625 0.425
10 0.57890625 0.83359375 0.028125 0.0375
10 0.6234375 0.65390625 0.03828125 0.0671875
10 0.52421875 0.5234375 0.04453125 0.078125
10 0.3 0.321875 0.03984375 0.0703125
10 0.30703125 0.67265625 0.034375 0.07421875
10 0.80234375 0.321875 0.046875 0.08125
10 0.30078125 0.025 0.03828125 0.04921875
10 0.7453125 0.72265625 0.0421875 0.075
10 0.8078125 0.825 0.8192708328125 0.8101851859375 0.821875 0.796296296875 0.8208333328125 0.7675925921875 0.815625 0.7574074078125 0.809375 0.7518518515625 0.7958333328125 0.7490740734375 0.7921875 0.7546296296875 0.7869791671875 0.7814814812499999 0.7869791671875 0.803703703125 0.7927083328125 0.825 0.8 0.827777778125 0.8078125 0.825
10 0.07421875 0.6609375 0.015625 0.05234375