4 0.95625 0.67421875 0.08671875 0.35625
6 0.55703125 0.79140625 0.0484375 0.121875
8 0.92578125 0.828125 0.92578125 0.8177083328125001 0.9375 0.7760416671875 0.9296875 0.7413194437499999 0.9189453125 0.71875 0.916015625 0.7204861109375 0.919921875 0.737847221875 0.919921875 0.7586805562500001 0.9072265625 0.7569444437499999 0.900390625 0.7760416671875 0.900390625 0.8142361109375 0.896484375 0.8385416671874999 0.8974609375 0.84375 0.9111328125 0.84375 0.9150390625 0.847222221875 0.9296875 0.8454861109375 0.9296875 0.8385416671874999 0.92578125 0.828125
8 0.8037109375 0.84375 0.8193359375 0.847222221875 0.826171875 0.8385416671874999 0.82421875 0.7864583328125 0.8203125 0.765625 0.8154296875 0.7569444437499999 0.802734375 0.7586805562500001 0.80078125 0.7552083328125 0.80078125 0.734375 0.802734375 0.7274305562500001 0.7998046875 0.7256944437499999 0.791015625 0.7517361109375 0.7890625 0.7725694437499999 0.791015625 0.7899305562500001 0.80078125 0.824652778125 0.80078125 0.8385416671874999 0.8037109375 0.84375
8 0.73046875 0.7760416671875 0.732421875 0.769097221875 0.73046875 0.765625 0.73046875 0.7517361109375 0.7265625 0.734375 0.7216796875 0.722222221875 0.7197265625 0.722222221875 0.71875 0.730902778125 0.720703125 0.734375 0.720703125 0.7586805562500001 0.71875 0.762152778125 0.71875 0.7725694437499999 0.71484375 0.7829861109375 0.7080078125 0.7916666671875 0.705078125 0.7829861109375 0.70703125 0.762152778125 0.7060546875 0.7604166671875 0.701171875 0.769097221875 0.697265625 0.7864583328125 0.697265625 0.796875 0.6953125 0.800347221875 0.6953125 0.8350694437499999 0.6982421875 0.847222221875 0.7021484375 0.8506944437499999 0.72265625 0.8489583328125001 0.72265625 0.8420138890625 0.71875 0.8350694437499999 0.71875 0.828125 0.72265625 0.8107638890625 0.73046875 0.7899305562500001 0.73046875 0.7760416671875
8 0.623046875 0.7864583328125 0.623046875 0.7586805562500001 0.62109375 0.7552083328125 0.62109375 0.7482638890625 0.6171875 0.734375 0.6083984375 0.71875 0.607421875 0.7274305562500001 0.611328125 0.7413194437499999 0.611328125 0.7586805562500001 0.607421875 0.7760416671875 0.6005859375 0.7881944437499999 0.59765625 0.7864583328125 0.59765625 0.765625 0.599609375 0.7586805562500001 0.5966796875 0.7569444437499999 0.58984375 0.7760416671875 0.58984375 0.793402778125 0.587890625 0.796875 0.587890625 0.8454861109375 0.5908203125 0.8506944437499999 0.619140625 0.8489583328125001 0.61328125 0.831597221875 0.61328125 0.824652778125 0.623046875 0.7864583328125
8 0.517578125 0.7864583328125 0.517578125 0.7586805562500001 0.515625 0.7552083328125 0.515625 0.7482638890625 0.5078125 0.7239583328125 0.5048828125 0.71875 0.5009765625 0.71875 0.5 0.7204861109375 0.505859375 0.7413194437499999 0.505859375 0.7552083328125 0.50390625 0.7586805562500001 0.4912109375 0.7569444437499999 0.484375 0.7795138890625 0.484375 0.8211805562500001 0.482421875 0.824652778125 0.482421875 0.8420138890625 0.4853515625 0.8506944437499999 0.515625 0.8489583328125001 0.509765625 0.8350694437499999 0.509765625 0.8177083328125001 0.517578125 0.7864583328125
8 0.4140625 0.8454861109375 0.4140625 0.7829861109375 0.412109375 0.7795138890625 0.412109375 0.769097221875 0.4072265625 0.7569444437499999 0.39453125 0.7586805562500001 0.392578125 0.7482638890625 0.39453125 0.7447916671875 0.39453125 0.734375 0.3984375 0.7239583328125 0.3974609375 0.71875 0.3955078125 0.71875 0.384765625 0.7413194437499999 0.380859375 0.7586805562500001 0.380859375 0.7899305562500001 0.38671875 0.8142361109375 0.3876953125 0.8263888890625 0.38671875 0.8350694437499999 0.380859375 0.8454861109375 0.3818359375 0.8506944437499999 0.4111328125 0.8506944437499999 0.4140625 0.8454861109375
8 0.30078125 0.8142361109375 0.306640625 0.7899305562500001 0.306640625 0.7586805562500001 0.3046875 0.7482638890625 0.298828125 0.730902778125 0.2919921875 0.722222221875 0.291015625 0.7274305562500001 0.294921875 0.7482638890625 0.29296875 0.762152778125 0.2802734375 0.7604166671875 0.275390625 0.7725694437499999 0.2734375 0.8107638890625 0.275390625 0.8177083328125001 0.275390625 0.8454861109375 0.2802734375 0.8506944437499999 0.3017578125 0.8506944437499999 0.3046875 0.8454861109375 0.30078125 0.831597221875 0.30078125 0.8142361109375
8 0.1767578125 0.84375 0.201171875 0.8420138890625 0.201171875 0.800347221875 0.19921875 0.7829861109375 0.1904296875 0.753472221875 0.177734375 0.7552083328125 0.17578125 0.7517361109375 0.177734375 0.730902778125 0.1796875 0.7274305562500001 0.1787109375 0.722222221875 0.1767578125 0.722222221875 0.169921875 0.737847221875 0.166015625 0.7552083328125 0.166015625 0.7864583328125 0.1767578125 0.84375
8 0.09375 0.828125 0.1015625 0.796875 0.1015625 0.7447916671875 0.099609375 0.734375 0.0908203125 0.71875 0.08984375 0.7239583328125 0.09375 0.7413194437499999 0.0927734375 0.7604166671875 0.08203125 0.762152778125 0.0810546875 0.753472221875 0.072265625 0.7725694437499999 0.068359375 0.8072916671874999 0.068359375 0.8420138890625 0.0751953125 0.8506944437499999 0.0927734375 0.8506944437499999 0.09765625 0.8454861109375 0.09375 0.828125