10 0.06171875 0.0296875 0.03984375 0.059375
7 0.3359375 0.38203125 0.184375 0.41796875
10 0.6171875 0.525 0.03671875 0.065625
10 0.2375 0.615625 0.0421875 0.0765625
10 0.4265625 0.18359375 0.0421875 0.07734375
10 0.615625 0.16171875 0.0375 0.06953125
10 0.8953125 0.5265625 0.0421875 0.07421875
10 0.059375 0.67890625 0.0453125 0.078125
10 0.3359375 0.809375 0.04609375 0.075
10 0.2984375 0.5453125 0.0390625 0.06953125
10 0.25078125 0.19609375 0.04375 0.07109375
10 0.36328125 0.54296875 0.040625 0.0703125
10 0.06015625 0.3328125 0.03828125 0.07109375
6 0.6359375 0.74140625 0.05625 0.14921875
10 0.25078125 0.71875 0.03984375 0.0640625
10 0.43046875 0.83046875 0.04296875 0.0609375
10 0.89609375 0.675 0.04296875 0.07421875
10 0.27109375 0.7625 0.03671875 0.06015625
10 0.2609375 0.73671875 0.0546875 0.10390625
10 0.2625 0.83828125 0.034375 0.0453125
10 0.38515625 0.6203125 0.0390625 0.06171875
10 0.61640625 0.7890625 0.03671875 0.071875
10 0.86953125 0.1640625 0.021875 0.078125