10 0.81875 0.02890625 0.04765625 0.0578125
10 0.8171875 0.65859375 0.04140625 0.08203125
7 0.66640625 0.38125 0.18359375 0.42890625
10 0.6015625 0.6421875 0.040625 0.0671875
10 0.50234375 0.503125 0.040625 0.06953125
10 0.69921875 0.65546875 0.0359375 0.06875
10 0.81953125 0.5203125 0.0453125 0.078125
10 0.5015625 0.659375 0.0453125 0.078125
6 0.246875 0.65625 0.04375 0.12421875
10 0.2703125 0.13828125 0.040625 0.07265625
10 0.71953125 0.828125 0.0375 0.05078125
10 0.66015625 0.665625 0.04140625 0.07578125
10 0.49921875 0.02265625 0.0359375 0.0453125
10 0.59375 0.76875 0.04296875 0.07734375
10 0.6609375 0.8328125 0.028125 0.03828125
10 0.2932291671875 0.515740740625 0.2942708328125 0.490740740625 0.29635416718749996 0.48425925937500003 0.29375 0.4768518515625 0.2796875 0.46666666718750005 0.265625 0.4675925921875 0.2609375 0.47222222187499996 0.2557291671875 0.48148148125 0.2536458328125 0.4916666671875 0.2567708328125 0.521296296875 0.26614583281250004 0.5351851859375001 0.2776041671875 0.5398148140625 0.2828125 0.5370370375 0.2932291671875 0.515740740625
10 0.271875 0.775 0.05 0.07890625