6 0.44296875 0.7875 0.03828125 0.134375
8 0.4828125 0.5234375 0.03984375 0.66484375
8 0.58359375 0.50859375 0.0359375 0.68515625
8 0.16953125 0.51875 0.0375 0.6546875
8 0.3703125 0.50859375 0.0359375 0.684375
8 0.88828125 0.5203125 0.03984375 0.65703125
8 0.265625 0.51796875 0.02578125 0.65078125
8 0.68671875 0.49921875 0.0328125 0.7046875
4 0.77421875 0.6703125 0.1390625 0.35859375
8 0.79765625 0.53515625 0.040625 0.63828125
8 1 0.5244832734375 0.9846083921875 0.09577009843749999 0.9834727750000001 0.847334640625 1 0.8530387312500001 1 0.5244832734375