10 0.221875 0.7546875 0.03828125 0.06640625
6 0.66953125 0.78515625 0.03984375 0.1375
10 0.45625 0.50390625 0.03828125 0.06953125
10 0.38984375 0.79140625 0.04375 0.07265625
10 0.675 0.6515625 0.0375 0.06796875
10 0.4546875 0.15390625 0.03671875 0.0703125
10 0.45390625 0.64140625 0.040625 0.065625
10 0.2890625 0.621875 0.0390625 0.0671875
7 0.33671875 0.3703125 0.17890625 0.40546875
10 0.22421875 0.1546875 0.04453125 0.08046875
10 0.37421875 0.51953125 0.0375 0.0625
10 0.67265625 0.33046875 0.04140625 0.0703125
10 0.3390625 0.75625 0.03671875 0.065625
10 0.0125 0.50234375 0.02421875 0.0734375
10 0.0109375 0.77265625 0.021875 0.0734375
10 0.01328125 0.15234375 0.0265625 0.0796875
10 0.67421875 0.02734375 0.046875 0.0546875
10 0.3375 0.56796875 0.04453125 0.07421875
10 0.2203125 0.32890625 0.0390625 0.071875
10 0.23515625 0.82890625 0.0265625 0.03671875