10 0.63671875 0.6336805562500001 0.638671875 0.6232638890625 0.638671875 0.5920138890625 0.63671875 0.5850694437499999 0.6279296875 0.5763888890625 0.6083984375 0.5763888890625 0.6044921875 0.5798611109375 0.599609375 0.5954861109375 0.599609375 0.6232638890625 0.6015625 0.6302083328125 0.6083984375 0.6423611109375 0.6181640625 0.6493055562500001 0.6298828125 0.6458333328125 0.63671875 0.6336805562500001
10 0.919921875 0.699652778125 0.923828125 0.675347221875 0.923828125 0.6649305562500001 0.919921875 0.6545138890625 0.9150390625 0.6458333328125 0.9072265625 0.6423611109375 0.8876953125 0.6423611109375 0.87890625 0.6579861109375 0.87890625 0.675347221875 0.884765625 0.703125 0.8955078125 0.71875 0.9130859375 0.715277778125 0.919921875 0.699652778125
10 0.7109375 0.668402778125 0.712890625 0.6579861109375 0.71484375 0.6302083328125 0.712890625 0.6197916671875 0.7021484375 0.6041666671875 0.6845703125 0.6041666671875 0.6806640625 0.6076388890625 0.673828125 0.6267361109375 0.673828125 0.6475694437499999 0.6796875 0.671875 0.6865234375 0.6805555562500001 0.7041015625 0.6805555562500001 0.7109375 0.668402778125
10 0.6689453125 0.7743055562500001 0.6728515625 0.7708333328125 0.685546875 0.737847221875 0.68359375 0.7204861109375 0.6787109375 0.7083333328125 0.6650390625 0.6979166671875 0.6513671875 0.6979166671875 0.6474609375 0.7013888890625 0.642578125 0.7100694437499999 0.638671875 0.7274305562500001 0.640625 0.7517361109375 0.64453125 0.765625 0.6533203125 0.7743055562500001 0.6689453125 0.7743055562500001
7 0.6625 0.3640625 0.18671875 0.40234375
10 0.6142578125 0.19444444375 0.6279296875 0.19444444375 0.634765625 0.17881944375 0.6328125 0.15451388906250002 0.6220703125 0.13194444375 0.6083984375 0.12847222187500001 0.599609375 0.140625 0.595703125 0.16493055625 0.6044921875 0.1875 0.6142578125 0.19444444375
10 0.7099609375 0.19097222187500001 0.728515625 0.1614583328125 0.73046875 0.14756944375 0.728515625 0.13715277812499999 0.7158203125 0.11805555625 0.7060546875 0.11805555625 0.69140625 0.13368055625 0.689453125 0.15798611093749998 0.6962890625 0.1770833328125 0.7099609375 0.19097222187500001
10 0.634765625 0.5295138890625 0.63671875 0.5225694437499999 0.63671875 0.5017361109375 0.6337890625 0.49652777812500004 0.6083984375 0.46875 0.6005859375 0.47222222187499996 0.58984375 0.48784722187499996 0.59375 0.519097221875 0.6083984375 0.5451388890625 0.6220703125 0.5451388890625 0.634765625 0.5295138890625
10 0.716796875 0.5260416671875 0.728515625 0.5052083328125 0.73046875 0.4635416671875 0.728515625 0.45659722187499996 0.70703125 0.48784722187499996 0.70703125 0.4947916671875 0.703125 0.5017361109375 0.7001953125 0.49652777812500004 0.6962890625 0.49652777812500004 0.689453125 0.5052083328125 0.69140625 0.5295138890625 0.6962890625 0.5381944437499999 0.7099609375 0.5416666671875 0.71875 0.5329861109375 0.716796875 0.5260416671875
10 0.4853515625 0.7013888890625 0.49609375 0.675347221875 0.49609375 0.6475694437499999 0.4912109375 0.6388888890625 0.4716796875 0.6319444437499999 0.4580078125 0.6354166671875 0.453125 0.644097221875 0.451171875 0.6545138890625 0.451171875 0.675347221875 0.455078125 0.6961805562500001 0.4658203125 0.7083333328125 0.4853515625 0.7013888890625
10 0.4462890625 0.8194444437499999 0.4599609375 0.815972221875 0.466796875 0.8038194437499999 0.46484375 0.7829861109375 0.4580078125 0.7638888890625 0.4443359375 0.7673611109375 0.4375 0.7795138890625 0.435546875 0.796875 0.4375 0.8072916671874999 0.4462890625 0.8194444437499999
10 0.2138671875 0.6875 0.220703125 0.675347221875 0.220703125 0.6510416671875 0.21484375 0.6302083328125 0.2041015625 0.6180555562500001 0.1962890625 0.6180555562500001 0.1904296875 0.621527778125 0.177734375 0.644097221875 0.17578125 0.6649305562500001 0.1796875 0.6788194437499999 0.1884765625 0.6944444437499999 0.1982421875 0.6979166671875 0.2060546875 0.6944444437499999 0.2138671875 0.6875
10 0.2119140625 0.534722221875 0.220703125 0.519097221875 0.220703125 0.48090277812500004 0.21875 0.4739583328125 0.2060546875 0.46180555625 0.1943359375 0.46180555625 0.18359375 0.4739583328125 0.1796875 0.49131944375 0.1796875 0.515625 0.1884765625 0.5381944437499999 0.2060546875 0.5381944437499999 0.2119140625 0.534722221875
10 0.1787109375 0 0.17578125 0.00868055625 0.17578125 0.02256944375 0.1904296875 0.05208333281250001 0.2060546875 0.0486111109375 0.2119140625 0.0451388890625 0.220703125 0.0295138890625 0.220703125 0.0052083328125 0.2177734375 0 0.1787109375 0
10 0.46484375 0.1822916671875 0.46875 0.1614583328125 0.46875 0.1302083328125 0.4619140625 0.11805555625 0.4560546875 0.1145833328125 0.4384765625 0.1145833328125 0.431640625 0.12673611093749998 0.427734375 0.14409722187500001 0.427734375 0.15451388906250002 0.431640625 0.17534722187500001 0.4384765625 0.1875 0.4521484375 0.19097222187500001 0.46484375 0.1822916671875
6 0.3421875 0.7765625 0.05546875 0.1359375