10 0.20234375 0.6625 0.03984375 0.07265625
10 0.4578125 0.1578125 0.0359375 0.06640625
10 0.67421875 0.52421875 0.04609375 0.0796875
10 0.340625 0.72890625 0.0390625 0.06484375
10 0.2234375 0.03046875 0.046875 0.0609375
7 0.3328125 0.36640625 0.17734375 0.41015625
10 0.67734375 0.14765625 0.04453125 0.08203125
6 0.62265625 0.609375 0.0453125 0.13125
10 0.42734375 0.65 0.03671875 0.06796875
10 0.4578125 0.771875 0.03828125 0.0671875
10 0.6765625 0.7890625 0.0359375 0.0671875
10 0.29609375 0.584375 0.0375 0.0640625
10 0.396875 0.83359375 0.0234375 0.03203125
10 0.384375 0.62265625 0.03984375 0.075
10 0.22265625 0.7609375 0.03671875 0.07265625
10 0.0109375 0.79296875 0.021875 0.0671875
10 0.278125 0.83359375 0.025 0.0328125
10 0.01484375 0.3203125 0.0296875 0.0796875