7 0.3359375 0.38515625 0.18046875 0.43515625
10 0.3390625 0.6484375 0.04453125 0.0765625
10 0.4984375 0.13984375 0.04609375 0.0796875
10 0.27578125 0.6546875 0.04375 0.08046875
10 0.15703125 0.66875 0.04609375 0.0765625
10 0.72890625 0.15859375 0.040625 0.07109375
10 0.41953125 0.73125 0.04453125 0.078125
10 0.3828125 0.659375 0.03984375 0.07890625
10 0.4984375 0.80390625 0.0375 0.06875
10 0.725 0.7953125 0.05078125 0.0890625
10 0.72890625 0.515625 0.03828125 0.065625
10 0.47265625 0.67890625 0.04375 0.071875
10 0.18203125 0.79765625 0.03671875 0.0703125
6 0.746875 0.63515625 0.046875 0.13515625