6 0.63125 0.63515625 0.046875 0.13046875
7 0.3375 0.371875 0.18828125 0.4046875
10 0.28828125 0.59453125 0.03828125 0.0671875
10 0.3640625 0.534375 0.040625 0.0734375
10 0.6890625 0.1421875 0.046875 0.07890625
10 0.6921875 0.5234375 0.04296875 0.0765625
10 0.3375 0.60703125 0.0375 0.06484375
10 0.4765625 0.0328125 0.0375 0.065625
10 0.46953125 0.65546875 0.04296875 0.07421875
10 0.20390625 0.7796875 0.04453125 0.07734375
10 0.20390625 0.496875 0.04296875 0.0765625
10 0.39609375 0.82578125 0.0421875 0.05546875
10 0.28125 0.81484375 0.0421875 0.0734375
10 0.47109375 0.31640625 0.04375 0.0734375
10 0.3375 0.83671875 0.02578125 0.03046875
10 0.203125 0.1484375 0.04375 0.0828125
10 0.68984375 0.79765625 0.03515625 0.0703125
10 0.0046875 0.76875 0.009375 0.078125