10 0.59921875 0.69296875 0.03984375 0.06484375
7 0.6625 0.3765625 0.1859375 0.42421875
10 0.5140625 0.66171875 0.04140625 0.0671875
10 0.68984375 0.57578125 0.0375 0.0640625
10 0.2484375 0.3203125 0.03828125 0.065625
10 0.4859375 0.14375 0.0421875 0.075
10 0.71484375 0.771875 0.04296875 0.07109375
6 0.36171875 0.784375 0.04375 0.13125
10 0.66484375 0.615625 0.03828125 0.065625
10 0.24765625 0.6546875 0.040625 0.0703125
10 0.8640625 0.67421875 0.0453125 0.08203125
10 0.2453125 0.021875 0.040625 0.04296875
10 0.48671875 0.8125 0.0390625 0.06953125
10 0.83828125 0.153125 0.04609375 0.08046875
10 0.840625 0.80546875 0.046875 0.08203125