8 0.5697291359375 0.0888942875 0.5509584609375 0.8525043046875 0.5845327250000001 0.8537483234375 0.5697291359375 0.0888942875
6 0.534375 0.78828125 0.040625 0.13203125
4 0.28203125 0.66484375 0.09453125 0.36875
8 0.979436275 0.8509722484375001 0.9968898953125 0.852524340625 0.9986912234374999 0.19428356875 0.9715821984374999 0.8230341234375 0.979436275 0.8509722484375001
8 0.866940696875 0.1056348796875 0.86518754375 0.847743709375 0.8976961421875 0.8501528703125001 0.866940696875 0.1056348796875
8 0.7509793328125001 0.1026253390625 0.7575027015625 0.846539175 0.7927203625 0.8489483359375001 0.7509793328125001 0.1026253390625
8 0.7052719328125 0.1056348796875 0.656590490625 0.8537664734374999 0.6911308968750001 0.85135740625 0.7052719328125 0.1056348796875
8 0.45870840937499996 0.09044838281249999 0.448137359375 0.8525043046875 0.4831105296875 0.8525043046875 0.45870840937499996 0.09044838281249999
8 0.37740976718749997 0.8504012859375001 0.3865845578125 0.09364140625 0.34251839375 0.8525043046875 0.37740976718749997 0.8504012859375001
8 0.2314218828125 0.1059893421875 0.23829833437499998 0.8537483234375 0.2725719984375 0.8562364562500001 0.2314218828125 0.1059893421875
8 0.1326396609375 0.1059893421875 0.132679315625 0.84379608125 0.16765248593749998 0.8462841171875001 0.1326396609375 0.1059893421875
8 0.0705729546875 0.099772959375 0.0312571203125 0.8512602859375 0.05993516250000001 0.8549924375 0.0705729546875 0.099772959375