10 0.31640625 0.50390625 0.04375 0.0796875
10 0.5328125 0.1609375 0.04140625 0.071875
10 0.31328125 0.66171875 0.0421875 0.08125
6 0.33515625 0.78515625 0.046875 0.13203125
7 0.66796875 0.37421875 0.17890625 0.4125
10 0.81328125 0.67265625 0.04609375 0.0796875
10 0.68828125 0.5515625 0.0421875 0.07890625
10 0.790625 0.7890625 0.046875 0.07890625
10 0.31796875 0.028125 0.0484375 0.05625
10 0.66328125 0.83359375 0.025 0.03671875
10 0.53515625 0.78046875 0.046875 0.075
10 0.6 0.8390625 0.02421875 0.0265625
10 0.56171875 0.66171875 0.03984375 0.06953125
10 0.66328125 0.6140625 0.04453125 0.07421875