10 0.3359375 0.76171875 0.04609375 0.07265625
6 0.67421875 0.58515625 0.0453125 0.1375
10 0.59453125 0.80234375 0.0359375 0.059375
10 0.04921875 0.68671875 0.04453125 0.07734375
10 0.08203125 0.80078125 0.04375 0.078125
10 0.575 0.68125 0.04140625 0.0765625
7 0.340625 0.371875 0.18515625 0.4140625
10 0.5921875 0.02578125 0.040625 0.05078125
10 0.27109375 0.5765625 0.03671875 0.06328125
10 0.8671875 0.67421875 0.03984375 0.075
10 0.08125 0.02890625 0.04375 0.0578125
10 0.275 0.6578125 0.0421875 0.075
10 0.8609375 0.3375 0.03828125 0.06796875
10 0.4046875 0.459375 0.0359375 0.06484375
10 0.40546875 0.19296875 0.04140625 0.07109375
10 0.40078125 0.66640625 0.04375 0.07890625
10 0.27421875 0.2046875 0.04453125 0.08125
10 0.3765625 0.68125 0.03828125 0.07265625
10 0.289258028125 0.528352275 0.29386090625 0.5498418015625 0.3047927078125 0.5518883859375 0.3186012546875 0.5447252625 0.32377948125 0.528352275 0.2984637390625 0.4925365015625 0.29155946718750003 0.4945831625 0.289258028125 0.528352275