10 0.4640625 0.7734375 0.04140625 0.07109375
10 0.4640625 0.52734375 0.0375 0.06953125
10 0.85703125 0.32109375 0.04296875 0.07109375
10 0.66015625 0.753125 0.040625 0.07421875
10 0.215625 0.66640625 0.04296875 0.08125
10 0.709375 0.721875 0.04296875 0.075
7 0.66171875 0.37109375 0.18203125 0.40234375
10 0.46328125 0.0234375 0.040625 0.046875
10 0.6953125 0.5453125 0.040625 0.07421875
10 0.60078125 0.7875 0.04375 0.07734375
10 0.86015625 0.66953125 0.03828125 0.06796875
10 0.6234375 0.58984375 0.0390625 0.0609375
6 0.32890625 0.78671875 0.03984375 0.13203125
10 0.21484375 0.321875 0.0421875 0.075
10 0.628125 0.5390625 0.04140625 0.065625
10 0.215625 0.0296875 0.03984375 0.05859375