10 0.253125 0.590625 0.04296875 0.078125
10 0.4171875 0.07265625 0.0359375 0.06640625
10 0.41796875 0.59609375 0.03984375 0.07578125
10 0.41640625 0.46171875 0.04140625 0.0734375
7 0.334375 0.37109375 0.190625 0.41953125
10 0.29296875 0.72578125 0.04140625 0.0671875
10 0.2546875 0.484375 0.03984375 0.07421875
10 0.60859375 0.503125 0.0375 0.06796875
10 0.8890625 0.66484375 0.0359375 0.06796875
10 0.60859375 0.77421875 0.0421875 0.0765625
10 0.38828125 0.66953125 0.0453125 0.075
10 0.06484375 0.78125 0.0421875 0.0703125
10 0.06484375 0.334375 0.0453125 0.07890625
10 0.33828125 0.821875 0.0359375 0.04921875
6 0.73671875 0.7140625 0.0453125 0.13984375
10 0.60703125 0.13046875 0.03828125 0.0703125
10 0.33671875 0.76015625 0.0375 0.06328125
10 0.884375 0.79375 0.03828125 0.06796875