7 0.33515625 0.36875 0.18671875 0.4125
10 0.38828125 0.609375 0.03984375 0.0734375
10 0.803125 0.52734375 0.04140625 0.07734375
10 0.296875 0.65234375 0.040625 0.07109375
10 0.3375 0.7453125 0.0421875 0.07109375
6 0.6203125 0.79140625 0.04765625 0.13125
10 0.12265625 0.521875 0.04296875 0.071875
10 0.38359375 0.5140625 0.040625 0.06015625
10 0.54765625 0.159375 0.040625 0.07890625
10 0.80078125 0.790625 0.0375 0.065625
10 0.290625 0.5640625 0.03828125 0.0625
10 0.5484375 0.528125 0.03671875 0.0671875
10 0.54765625 0.7859375 0.0328125 0.05859375
10 0.125 0.79765625 0.04453125 0.08203125
10 0.38359375 0.16171875 0.03671875 0.06953125
10 0.80390625 0.1546875 0.04296875 0.0796875
10 0.334375 0.8375 0.02265625 0.028125
10 0.2375 0.82890625 0.0390625 0.04765625
10 0.1328125 0.13984375 0.0328125 0.06953125