6 0.68515625 0.78828125 0.04140625 0.12578125
10 0.38515625 0.70859375 0.040625 0.07265625
10 0.66484375 0.66328125 0.04375 0.07890625
10 0.6640625 0.31953125 0.04453125 0.078125
10 0.45625 0.7515625 0.040625 0.075
10 0.21953125 0.64765625 0.0375 0.06640625
7 0.3359375 0.38125 0.18046875 0.42109375
10 0.015625 0.7953125 0.03125 0.0796875
10 0.30703125 0.60546875 0.0421875 0.075
10 0.015625 0.14765625 0.03046875 0.07734375
10 0.015625 0.5046875 0.03046875 0.07578125
10 0.45546875 0.51484375 0.03984375 0.0703125
10 0.45625 0.0375 0.0359375 0.065625
10 0.3390625 0.61953125 0.034375 0.06640625
10 0.22109375 0.16640625 0.04765625 0.08046875
10 0.66328125 0.03046875 0.03984375 0.06015625
10 0.9234375 0.52578125 0.02109375 0.0578125
10 0.33671875 0.83828125 0.0328125 0.03515625
10 0.24375 0.82578125 0.0390625 0.0578125
10 0.92578125 0.79375 0.01796875 0.0671875
10 0.2171875 0.32109375 0.03828125 0.075