10 0.4953125 0.50546875 0.0421875 0.08046875
7 0.334375 0.38046875 0.1828125 0.42265625
10 0.49453125 0.6609375 0.04453125 0.07890625
6 0.665625 0.71875 0.04765625 0.12421875
10 0.1890625 0.33671875 0.04453125 0.08046875
10 0.28359375 0.68671875 0.03984375 0.0859375
10 0.3390625 0.64375 0.0375 0.06796875
10 0.18828125 0.7734375 0.04296875 0.07890625
10 0.71953125 0.03046875 0.0390625 0.0609375
10 0.39921875 0.82890625 0.0328125 0.04765625
10 0.1890625 0.028125 0.04453125 0.05546875
10 0.71875 0.32265625 0.040625 0.0703125
10 0.3859375 0.6734375 0.04375 0.075
10 0.25390625 0.76328125 0.04296875 0.08125
10 0.3390625 0.79296875 0.04765625 0.08515625