10 0.06953125 0.6609375 0.03984375 0.07265625
10 0.28984375 0.74921875 0.04140625 0.075
7 0.3390625 0.3734375 0.18046875 0.42890625
10 0.8484375 0.65078125 0.03828125 0.0671875
10 0.5640625 0.6828125 0.0421875 0.07578125
10 0.10390625 0.78671875 0.04453125 0.0796875
10 0.84609375 0.31796875 0.04140625 0.07109375
10 0.58046875 0.80546875 0.03984375 0.065625
10 0.40703125 0.7796875 0.04453125 0.06484375
10 0.41328125 0.83125 0.0359375 0.03984375
10 0.34140625 0.78046875 0.0359375 0.06328125
10 0.58515625 0.028125 0.03828125 0.05546875
10 0.8453125 0.02578125 0.034375 0.0515625
6 0.49375 0.4484375 0.06171875 0.125