7 0.3328125 0.37109375 0.17734375 0.40703125
6 0.7 0.78671875 0.04140625 0.11953125
10 0.46875 0.78203125 0.04296875 0.0734375
10 0.265625 0.71171875 0.040625 0.07109375
10 0.33515625 0.640625 0.0390625 0.065625
10 0.47109375 0.140625 0.040625 0.0734375
10 0.6859375 0.6640625 0.03984375 0.07890625
10 0.68828125 0.315625 0.0390625 0.06875
10 0.68828125 0.153125 0.03984375 0.071875
10 0.4015625 0.646875 0.0421875 0.0734375
10 0.29375 0.56484375 0.03671875 0.06953125
10 0.2 0.64140625 0.0390625 0.06796875
10 0.4703125 0.49921875 0.04609375 0.07890625
10 0.20390625 0.31875 0.0453125 0.08515625
10 0.428125 0.82890625 0.03359375 0.04140625
10 0.33671875 0.83203125 0.02890625 0.03359375