4 0.04375 0.67421875 0.08671875 0.35625
6 0.44296875 0.79140625 0.0484375 0.121875
8 0.0703125 0.8385416671874999 0.0703125 0.8454861109375 0.0849609375 0.847222221875 0.0888671875 0.84375 0.1025390625 0.84375 0.103515625 0.8385416671874999 0.099609375 0.8142361109375 0.099609375 0.7760416671875 0.0927734375 0.7569444437499999 0.080078125 0.7586805562500001 0.080078125 0.737847221875 0.083984375 0.7204861109375 0.0810546875 0.71875 0.0703125 0.7413194437499999 0.0625 0.7760416671875 0.07421875 0.8177083328125001 0.07421875 0.828125 0.0703125 0.8385416671874999
8 0.19921875 0.8385416671874999 0.19921875 0.824652778125 0.208984375 0.7899305562500001 0.2109375 0.7725694437499999 0.208984375 0.7517361109375 0.2001953125 0.7256944437499999 0.197265625 0.7274305562500001 0.19921875 0.734375 0.19921875 0.7552083328125 0.197265625 0.7586805562500001 0.1845703125 0.7569444437499999 0.1796875 0.765625 0.17578125 0.7864583328125 0.173828125 0.8385416671874999 0.1806640625 0.847222221875 0.1962890625 0.84375 0.19921875 0.8385416671874999
8 0.26953125 0.7899305562500001 0.27734375 0.8107638890625 0.28125 0.828125 0.28125 0.8350694437499999 0.27734375 0.8420138890625 0.27734375 0.8489583328125001 0.2978515625 0.8506944437499999 0.3017578125 0.847222221875 0.3046875 0.8350694437499999 0.3046875 0.800347221875 0.302734375 0.796875 0.302734375 0.7864583328125 0.298828125 0.769097221875 0.2939453125 0.7604166671875 0.29296875 0.762152778125 0.294921875 0.7829861109375 0.2919921875 0.7916666671875 0.28515625 0.7829861109375 0.28125 0.7725694437499999 0.28125 0.762152778125 0.279296875 0.7586805562500001 0.279296875 0.734375 0.28125 0.730902778125 0.2802734375 0.722222221875 0.2783203125 0.722222221875 0.2734375 0.734375 0.26953125 0.7517361109375 0.26953125 0.765625 0.267578125 0.769097221875 0.26953125 0.7760416671875 0.26953125 0.7899305562500001
8 0.38671875 0.824652778125 0.38671875 0.831597221875 0.380859375 0.8489583328125001 0.4091796875 0.8506944437499999 0.412109375 0.8454861109375 0.412109375 0.796875 0.41015625 0.793402778125 0.41015625 0.7760416671875 0.4033203125 0.7569444437499999 0.400390625 0.7586805562500001 0.40234375 0.765625 0.40234375 0.7864583328125 0.3994140625 0.7881944437499999 0.392578125 0.7760416671875 0.388671875 0.7586805562500001 0.388671875 0.7413194437499999 0.392578125 0.7274305562500001 0.3916015625 0.71875 0.3828125 0.734375 0.37890625 0.7482638890625 0.37890625 0.7552083328125 0.376953125 0.7586805562500001 0.376953125 0.7864583328125 0.38671875 0.824652778125
8 0.490234375 0.8177083328125001 0.490234375 0.8350694437499999 0.484375 0.8489583328125001 0.5146484375 0.8506944437499999 0.517578125 0.8420138890625 0.517578125 0.824652778125 0.515625 0.8211805562500001 0.515625 0.7795138890625 0.5087890625 0.7569444437499999 0.49609375 0.7586805562500001 0.494140625 0.7552083328125 0.494140625 0.7413194437499999 0.5 0.7204861109375 0.4990234375 0.71875 0.4951171875 0.71875 0.4921875 0.7239583328125 0.484375 0.7482638890625 0.484375 0.7552083328125 0.482421875 0.7586805562500001 0.482421875 0.7864583328125 0.490234375 0.8177083328125001
8 0.5888671875 0.8506944437499999 0.6181640625 0.8506944437499999 0.619140625 0.8454861109375 0.61328125 0.8350694437499999 0.6123046875 0.8263888890625 0.61328125 0.8142361109375 0.619140625 0.7899305562500001 0.619140625 0.7586805562500001 0.615234375 0.7413194437499999 0.6044921875 0.71875 0.6025390625 0.71875 0.6015625 0.7239583328125 0.60546875 0.734375 0.60546875 0.7447916671875 0.607421875 0.7482638890625 0.60546875 0.7586805562500001 0.5927734375 0.7569444437499999 0.587890625 0.769097221875 0.587890625 0.7795138890625 0.5859375 0.7829861109375 0.5859375 0.8454861109375 0.5888671875 0.8506944437499999
8 0.69921875 0.831597221875 0.6953125 0.8454861109375 0.6982421875 0.8506944437499999 0.7197265625 0.8506944437499999 0.724609375 0.8454861109375 0.724609375 0.8177083328125001 0.7265625 0.8107638890625 0.724609375 0.7725694437499999 0.7197265625 0.7604166671875 0.70703125 0.762152778125 0.705078125 0.7482638890625 0.708984375 0.7274305562500001 0.7080078125 0.722222221875 0.701171875 0.730902778125 0.6953125 0.7482638890625 0.693359375 0.7586805562500001 0.693359375 0.7899305562500001 0.69921875 0.8142361109375 0.69921875 0.831597221875
8 0.833984375 0.7864583328125 0.833984375 0.7552083328125 0.830078125 0.737847221875 0.8232421875 0.722222221875 0.8212890625 0.722222221875 0.8203125 0.7274305562500001 0.822265625 0.730902778125 0.82421875 0.7517361109375 0.822265625 0.7552083328125 0.8095703125 0.753472221875 0.80078125 0.7829861109375 0.798828125 0.800347221875 0.798828125 0.8420138890625 0.8232421875 0.84375 0.833984375 0.7864583328125
8 0.90234375 0.8454861109375 0.9072265625 0.8506944437499999 0.9248046875 0.8506944437499999 0.931640625 0.8420138890625 0.931640625 0.8072916671874999 0.927734375 0.7725694437499999 0.9189453125 0.753472221875 0.91796875 0.762152778125 0.9072265625 0.7604166671875 0.90625 0.7413194437499999 0.91015625 0.7239583328125 0.9091796875 0.71875 0.900390625 0.734375 0.8984375 0.7447916671875 0.8984375 0.796875 0.90625 0.828125 0.90234375 0.8454861109375