7 0.3375 0.3703125 0.18125 0.4046875
10 0.53671875 0.7765625 0.04296875 0.0703125
10 0.37265625 0.58828125 0.03828125 0.0625
6 0.6671875 0.69921875 0.04921875 0.13203125
10 0.14375 0.315625 0.04140625 0.07421875
10 0.53984375 0.5046875 0.03984375 0.0765625
10 0.30234375 0.53984375 0.0359375 0.065625
10 0.784375 0.1390625 0.04296875 0.07109375
10 0.1421875 0.02578125 0.040625 0.0515625
10 0.1453125 0.665625 0.04375 0.07890625
10 0.27109375 0.70546875 0.03828125 0.0671875
10 0.78359375 0.5078125 0.03984375 0.06640625
10 0.3390625 0.728125 0.040625 0.06484375
10 0.5390625 0.02578125 0.0390625 0.0515625
10 0.4421875 0.828125 0.03359375 0.04296875
10 0.78203125 0.78984375 0.04375 0.078125