6 0.3421875 0.47578125 0.0484375 0.13359375
7 0.66015625 0.37265625 0.18359375 0.4078125
10 0.60859375 0.621875 0.03515625 0.0640625
10 0.815625 0.3359375 0.04375 0.07421875
10 0.50625 0.665625 0.04453125 0.07578125
10 0.70078125 0.54609375 0.03828125 0.06328125
10 0.659375 0.640625 0.04375 0.078125
10 0.81328125 0.784375 0.0390625 0.075
10 0.2828125 0.03125 0.040625 0.0625
10 0.50703125 0.1578125 0.03671875 0.0703125
10 0.5078125 0.31796875 0.03828125 0.065625
10 0.659375 0.82734375 0.0375 0.05234375
10 0.73046875 0.81953125 0.03984375 0.0671875
10 0.2765625 0.7890625 0.053125 0.090625
10 0.29609375 0.6640625 0.028125 0.071875
10 0.80859375 0.13828125 0.046875 0.07890625