10 0.58984375 0.14296875 0.04296875 0.0765625
7 0.3359375 0.36953125 0.18125 0.403125
10 0.57421875 0.68046875 0.0375 0.0640625
10 0.41171875 0.56328125 0.03828125 0.06171875
10 0.3359375 0.67265625 0.04453125 0.071875
10 0.425 0.74921875 0.040625 0.065625
10 0.2703125 0.73515625 0.0453125 0.07265625
10 0.265625 0.2046875 0.04296875 0.07890625
6 0.61015625 0.55390625 0.04296875 0.128125
10 0.86484375 0.659375 0.03828125 0.07109375
10 0.084375 0.0265625 0.0484375 0.05234375
10 0.59375 0.79921875 0.0375 0.06484375
10 0.08515625 0.80625 0.04140625 0.0671875
10 0.86328125 0.50546875 0.03515625 0.06640625
10 0.05 0.684375 0.0390625 0.06875
10 0.26796875 0.6515625 0.03515625 0.06328125
10 0.8625 0.14453125 0.03828125 0.0703125
10 0.26875 0.46171875 0.03515625 0.0703125
10 0.4125 0.10703125 0.0359375 0.078125
10 0.3359375 0.8328125 0.02734375 0.03515625