10 0.0890625 0.52265625 0.03984375 0.07109375
10 0.85390625 0.3328125 0.03671875 0.06953125
7 0.33359375 0.37578125 0.18359375 0.4140625
10 0.8546875 0.66640625 0.04140625 0.07421875
10 0.08984375 0.67578125 0.04375 0.075
6 0.67578125 0.7890625 0.0484375 0.13046875
10 0.584375 0.0296875 0.03671875 0.05625
10 0.5828125 0.3265625 0.03671875 0.065625
10 0.4265625 0.83359375 0.0328125 0.04140625
10 0.5875 0.68046875 0.03828125 0.07265625
10 0.403125 0.21015625 0.04609375 0.08125
10 0.40703125 0.47421875 0.04140625 0.071875
10 0.403125 0.75546875 0.03984375 0.06328125
10 0.2734375 0.65390625 0.04453125 0.0921875
10 0.4015625 0.659375 0.03984375 0.0671875
10 0.33671875 0.83359375 0.034375 0.0453125
10 0.33515625 0.78359375 0.03984375 0.0625