4 0.1296875 0.67265625 0.12578125 0.35234375
8 0.4736328125 0.8506944437499999 0.4970703125 0.8506944437499999 0.5 0.8454861109375 0.501953125 0.8385416671874999 0.501953125 0.8107638890625 0.498046875 0.7864583328125 0.478515625 0.7795138890625 0.484375 0.7552083328125 0.484375 0.7482638890625 0.4814453125 0.7430555562500001 0.4775390625 0.7569444437499999 0.46484375 0.7795138890625 0.458984375 0.796875 0.45703125 0.8072916671874999 0.458984375 0.824652778125 0.4677734375 0.8368055562500001 0.4736328125 0.8506944437499999
6 0.5109375 0.78828125 0.03671875 0.1359375
8 0.0615234375 0.8541666671874999 0.0654296875 0.8506944437499999 0.0673828125 0.8541666671874999 0.0771484375 0.8506944437499999 0.08203125 0.8420138890625 0.08203125 0.8038194437499999 0.0791015625 0.7986111109375 0.0771484375 0.7986111109375 0.07421875 0.8072916671874999 0.07421875 0.8177083328125001 0.0703125 0.8211805562500001 0.0595703125 0.8125 0.0546875 0.8038194437499999 0.064453125 0.7586805562500001 0.0615234375 0.7430555562500001 0.0537109375 0.7673611109375 0.04296875 0.7899305562500001 0.041015625 0.796875 0.041015625 0.824652778125 0.0556640625 0.8506944437499999 0.0615234375 0.8541666671874999
8 0.1630859375 0.847222221875 0.1826171875 0.847222221875 0.189453125 0.8420138890625 0.19140625 0.8107638890625 0.1875 0.796875 0.1845703125 0.7916666671875 0.18359375 0.800347221875 0.1796875 0.8038194437499999 0.1689453125 0.78125 0.173828125 0.7586805562500001 0.1728515625 0.746527778125 0.150390625 0.7899305562500001 0.1484375 0.796875 0.1484375 0.8211805562500001 0.1591796875 0.84375 0.1630859375 0.847222221875
8 0.2666015625 0.847222221875 0.2841796875 0.84375 0.2900390625 0.840277778125 0.30078125 0.8211805562500001 0.298828125 0.793402778125 0.2841796875 0.7638888890625 0.2802734375 0.75 0.27734375 0.7517361109375 0.27734375 0.765625 0.28125 0.7829861109375 0.26171875 0.7899305562500001 0.2578125 0.8038194437499999 0.2578125 0.8385416671874999 0.2607421875 0.84375 0.2666015625 0.847222221875
8 0.3681640625 0.8506944437499999 0.392578125 0.8489583328125001 0.39453125 0.8420138890625 0.39453125 0.8072916671874999 0.392578125 0.800347221875 0.3896484375 0.7951388890625 0.388671875 0.796875 0.38671875 0.8177083328125001 0.3828125 0.8211805562500001 0.3720703125 0.8125 0.3671875 0.8038194437499999 0.3671875 0.7899305562500001 0.375 0.7586805562500001 0.3720703125 0.7430555562500001 0.3642578125 0.7708333328125 0.35546875 0.7864583328125 0.3515625 0.800347221875 0.3515625 0.8211805562500001 0.3642578125 0.847222221875 0.3681640625 0.8506944437499999
8 0.5751953125 0.8506944437499999 0.603515625 0.8489583328125001 0.607421875 0.8350694437499999 0.607421875 0.8107638890625 0.6005859375 0.7881944437499999 0.59765625 0.7899305562500001 0.583984375 0.7795138890625 0.58984375 0.7586805562500001 0.58984375 0.7482638890625 0.5869140625 0.7430555562500001 0.564453125 0.793402778125 0.5625 0.8211805562500001 0.56640625 0.831597221875 0.5732421875 0.840277778125 0.5751953125 0.8506944437499999
8 0.7001953125 0.8506944437499999 0.7021484375 0.840277778125 0.712890625 0.8177083328125001 0.7109375 0.793402778125 0.70703125 0.7829861109375 0.69140625 0.7586805562500001 0.6865234375 0.7430555562500001 0.68359375 0.7482638890625 0.68359375 0.7552083328125 0.69140625 0.7829861109375 0.6748046875 0.7881944437499999 0.669921875 0.800347221875 0.66796875 0.831597221875 0.669921875 0.8454861109375 0.6728515625 0.8506944437499999 0.7001953125 0.8506944437499999
8 0.8115234375 0.8506944437499999 0.814453125 0.8454861109375 0.81640625 0.8350694437499999 0.81640625 0.8072916671874999 0.8125 0.793402778125 0.8095703125 0.7916666671875 0.806640625 0.796875 0.79296875 0.7864583328125 0.80078125 0.7586805562500001 0.7998046875 0.746527778125 0.7978515625 0.746527778125 0.775390625 0.7899305562500001 0.7734375 0.796875 0.7734375 0.824652778125 0.7861328125 0.8506944437499999 0.8115234375 0.8506944437499999
8 0.9189453125 0.8333333328125001 0.923828125 0.8211805562500001 0.923828125 0.800347221875 0.921875 0.793402778125 0.9033203125 0.75 0.900390625 0.7586805562500001 0.90625 0.7795138890625 0.890625 0.793402778125 0.8876953125 0.7916666671875 0.8828125 0.800347221875 0.880859375 0.831597221875 0.8837890625 0.84375 0.9111328125 0.84375 0.9189453125 0.8333333328125001
8 0.9990234375 0.840277778125 0.9990234375 0.7430555562500001 0.9912109375 0.7673611109375 0.978515625 0.793402778125 0.9765625 0.8072916671874999 0.978515625 0.828125 0.9892578125 0.84375 0.9990234375 0.840277778125