10 0.609375 0.14453125 0.04453125 0.0765625
10 0.5921875 0.6625 0.0390625 0.06796875
10 0.065625 0.80859375 0.0421875 0.075
10 0.41796875 0.58125 0.03828125 0.065625
7 0.33984375 0.36796875 0.18046875 0.39921875
10 0.340625 0.7140625 0.03984375 0.06796875
10 0.609375 0.81171875 0.0421875 0.07421875
10 0.41640625 0.47734375 0.04140625 0.06796875
10 0.03359375 0.66875 0.04453125 0.075
10 0.428125 0.81796875 0.04453125 0.06875
10 0.4140625 0.18203125 0.04140625 0.071875
10 0.3078125 0.65625 0.03671875 0.06640625
10 0.8875 0.65625 0.0375 0.0671875
6 0.70078125 0.6234375 0.0359375 0.12421875
10 0.265625 0.59140625 0.03984375 0.06796875
10 0.26640625 0.4671875 0.03671875 0.06328125
10 0.890625 0.3171875 0.0390625 0.0703125
10 0.27734375 0.8265625 0.040625 0.0546875