6 0.6578125 0.784375 0.040625 0.12890625
10 0.1125 0.50078125 0.04375 0.07890625
7 0.33671875 0.3703125 0.18046875 0.40390625
10 0.825 0.5265625 0.0421875 0.07734375
10 0.38671875 0.6046875 0.05390625 0.10859375
10 0.378125 0.62734375 0.03984375 0.06484375
10 0.56484375 0.31796875 0.03828125 0.07421875
10 0.82421875 0.79765625 0.03828125 0.0671875
10 0.825 0.1453125 0.04453125 0.07890625
10 0.5640625 0.66015625 0.040625 0.0765625
10 0.26484375 0.7171875 0.03984375 0.06875
10 0.39140625 0.5859375 0.0421875 0.06875
10 0.1140625 0.79296875 0.04453125 0.08203125
10 0.284375 0.5265625 0.03671875 0.0609375
10 0.3390625 0.73203125 0.03828125 0.0625
10 0.56328125 0.028125 0.03828125 0.0546875
10 0.39375 0.14765625 0.03515625 0.05859375
10 0.2828125 0.225 0.0375 0.07578125