6 0.5265625 0.78828125 0.04140625 0.13125
8 0.16875 0.51953125 0.03515625 0.65625
8 0.58046875 0.521875 0.03828125 0.70859375
8 0.47265625 0.51640625 0.0359375 0.69765625
8 0.35859375 0.50546875 0.04453125 0.7234375
8 0.89609375 0.5234375 0.040625 0.6671875
8 0.79140625 0.5328125 0.04453125 0.73359375
8 0.678125 0.52734375 0.0484375 0.67421875
8 0.04921875 0.51328125 0.05546875 0.69453125
8 0.27109375 0.51171875 0.0421875 0.68515625
8 0.98515625 0.546875 0.02890625 0.6078125
4 0.0546875 0.6421875 0.109375 0.4265625
4 0.021875 0.63515625 0.04375 0.4390625