10 0.71328125 0.159375 0.04609375 0.0875
10 0.8875 0.65546875 0.03984375 0.07109375
7 0.66484375 0.37265625 0.18515625 0.4
10 0.88984375 0.3265625 0.04453125 0.08046875
6 0.29140625 0.78828125 0.03984375 0.125
10 0.17734375 0.321875 0.03984375 0.07109375
10 0.565625 0.80078125 0.0453125 0.07421875
10 0.61171875 0.53125 0.03984375 0.06875
10 0.715625 0.53046875 0.0375 0.06328125
10 0.43515625 0.14765625 0.040625 0.0765625
10 0.175 0.67421875 0.0453125 0.07734375
10 0.4359375 0.5125 0.03984375 0.0734375
10 0.725 0.68515625 0.03828125 0.06328125
10 0.175 0.16171875 0.0421875 0.0703125
10 0.74921875 0.809375 0.0390625 0.07109375
10 0.66171875 0.790625 0.03828125 0.06640625
10 0.60703125 0.1484375 0.03515625 0.059375
10 0.4359375 0.803125 0.034375 0.06328125