10 0.23515625 0.62734375 0.0453125 0.08125
7 0.3390625 0.37109375 0.184375 0.39921875
10 0.89765625 0.50859375 0.04140625 0.0734375
10 0.61640625 0.66640625 0.0390625 0.06640625
10 0.38828125 0.6203125 0.0359375 0.0625
10 0.25859375 0.73203125 0.04765625 0.078125
10 0.61875 0.5109375 0.03671875 0.0671875
10 0.8984375 0.78984375 0.03984375 0.075
10 0.6171875 0.15 0.0375 0.06953125
10 0.3375 0.70234375 0.0421875 0.0765625
10 0.06328125 0.778125 0.03984375 0.0703125
10 0.06171875 0.32890625 0.0390625 0.06875
6 0.67109375 0.7953125 0.03828125 0.128125
10 0.4203125 0.7359375 0.0453125 0.07265625
10 0.42890625 0.1859375 0.04140625 0.0796875
10 0.38046875 0.5234375 0.03515625 0.06328125
10 0.4 0.834375 0.03125 0.046875
10 0.30546875 0.51875 0.03671875 0.06328125
10 0.253125 0.0734375 0.03828125 0.07890625