8 0.41546727499999997 0.8537483234375 0.44904153906250005 0.8525043046875 0.43027086406250004 0.0888942875 0.41546727499999997 0.8537483234375
6 0.465625 0.78828125 0.040625 0.13203125
4 0.71796875 0.66484375 0.09453125 0.36875
8 0.0284178015625 0.8230341234375 0.0013087765625 0.19428356875 0.0031101046875 0.852524340625 0.020563724999999998 0.8509722484375001 0.0284178015625 0.8230341234375
8 0.1023038578125 0.8501528703125001 0.13481245625 0.847743709375 0.133059303125 0.1056348796875 0.1023038578125 0.8501528703125001
8 0.20727963749999997 0.8489483359375001 0.2424972984375 0.846539175 0.24902066718750002 0.1026253390625 0.20727963749999997 0.8489483359375001
8 0.30886910312500004 0.85135740625 0.343409509375 0.8537664734374999 0.2947280671875 0.1056348796875 0.30886910312500004 0.85135740625
8 0.5168894703125 0.8525043046875 0.551862640625 0.8525043046875 0.541291590625 0.09044838281249999 0.5168894703125 0.8525043046875
8 0.65748160625 0.8525043046875 0.6134154421875 0.09364140625 0.6225902328124999 0.8504012859375001 0.65748160625 0.8525043046875
8 0.7274280015625 0.8562364562500001 0.761701665625 0.8537483234375 0.7685781171875 0.1059893421875 0.7274280015625 0.8562364562500001
8 0.8323475140625 0.8462841171875001 0.867320684375 0.84379608125 0.8673603390625001 0.1059893421875 0.8323475140625 0.8462841171875001
8 0.9400648374999999 0.8549924375 0.9687428796875001 0.8512602859375 0.9294270453125 0.099772959375 0.9400648374999999 0.8549924375