10 0.2470703125 0.5243055562500001 0.255859375 0.5052083328125 0.255859375 0.484375 0.25390625 0.47743055625 0.2431640625 0.46180555625 0.2275390625 0.46180555625 0.2236328125 0.46527777812500004 0.21484375 0.484375 0.21484375 0.5052083328125 0.21875 0.519097221875 0.2314453125 0.53125 0.2470703125 0.5243055562500001
10 0.2451171875 0.690972221875 0.2578125 0.668402778125 0.2578125 0.640625 0.2490234375 0.625 0.2392578125 0.6180555562500001 0.2255859375 0.6180555562500001 0.2158203125 0.628472221875 0.2109375 0.6545138890625 0.212890625 0.671875 0.2275390625 0.6944444437499999 0.2412109375 0.6944444437499999 0.2451171875 0.690972221875
10 0.2431640625 0.1770833328125 0.25390625 0.15451388906250002 0.25390625 0.13368055625 0.25 0.1232638890625 0.2373046875 0.1076388890625 0.2236328125 0.1111111109375 0.212890625 0.13368055625 0.212890625 0.1510416671875 0.2255859375 0.17361111093749998 0.2314453125 0.17361111093749998 0.2333984375 0.17013888906250002 0.2431640625 0.1770833328125
10 0.5 0.3420138890625 0.501953125 0.328125 0.501953125 0.3072916671875 0.5 0.30034722187499996 0.4892578125 0.28819444375000003 0.4814453125 0.28472222187499996 0.4736328125 0.28819444375000003 0.46484375 0.3072916671875 0.46484375 0.33159722187499996 0.4697265625 0.34375 0.4775390625 0.35069444375000003 0.4970703125 0.34722222187499996 0.5 0.3420138890625
10 0.4990234375 0.7951388890625 0.50390625 0.7864583328125 0.50390625 0.762152778125 0.501953125 0.7552083328125 0.4931640625 0.7430555562500001 0.4755859375 0.7430555562500001 0.4716796875 0.746527778125 0.46484375 0.762152778125 0.46484375 0.7899305562500001 0.4736328125 0.8055555562500001 0.4794921875 0.809027778125 0.4931640625 0.809027778125 0.4970703125 0.8055555562500001 0.4990234375 0.7951388890625
10 0.6083984375 0.847222221875 0.6142578125 0.84375 0.615234375 0.8211805562500001 0.6103515625 0.8125 0.5966796875 0.8055555562500001 0.5869140625 0.8055555562500001 0.580078125 0.8142361109375 0.576171875 0.8350694437499999 0.5810546875 0.847222221875 0.6083984375 0.847222221875
10 0.7041015625 0.847222221875 0.7294921875 0.847222221875 0.732421875 0.8385416671874999 0.73046875 0.8211805562500001 0.7236328125 0.809027778125 0.7099609375 0.809027778125 0.701171875 0.824652778125 0.701171875 0.8420138890625 0.7041015625 0.847222221875
10 0.6259765625 0.6770833328125 0.63671875 0.6649305562500001 0.640625 0.6510416671875 0.638671875 0.6302083328125 0.6279296875 0.6145833328125 0.6142578125 0.6145833328125 0.603515625 0.6267361109375 0.6015625 0.6510416671875 0.607421875 0.668402778125 0.6142578125 0.6770833328125 0.6259765625 0.6770833328125
10 0.7080078125 0.6145833328125 0.7216796875 0.6111111109375 0.732421875 0.5885416671875 0.73046875 0.5677083328125 0.7177734375 0.5520833328125 0.7099609375 0.5486111109375 0.7021484375 0.5520833328125 0.69140625 0.574652778125 0.693359375 0.5954861109375 0.7021484375 0.6111111109375 0.7080078125 0.6145833328125
10 0.6708984375 0.6319444437499999 0.67578125 0.6197916671875 0.6796875 0.5989583328125 0.677734375 0.581597221875 0.6669921875 0.565972221875 0.6611328125 0.5625 0.6494140625 0.5625 0.6455078125 0.565972221875 0.638671875 0.578125 0.634765625 0.5920138890625 0.640625 0.6267361109375 0.6455078125 0.6354166671875 0.6513671875 0.6388888890625 0.6630859375 0.6388888890625 0.6708984375 0.6319444437499999
10 0.8388671875 0.684027778125 0.8544921875 0.6770833328125 0.861328125 0.668402778125 0.859375 0.637152778125 0.85546875 0.6232638890625 0.8486328125 0.6145833328125 0.8369140625 0.6111111109375 0.822265625 0.6302083328125 0.818359375 0.6510416671875 0.822265625 0.668402778125 0.8271484375 0.6770833328125 0.8388671875 0.684027778125
10 0.8486328125 0.5416666671875 0.859375 0.5225694437499999 0.859375 0.4982638890625 0.857421875 0.49131944375 0.8525390625 0.4826388890625 0.8408203125 0.47569444375 0.8291015625 0.4791666671875 0.81640625 0.5052083328125 0.822265625 0.5329861109375 0.8310546875 0.5451388890625 0.8447265625 0.5451388890625 0.8486328125 0.5416666671875
10 0.8193359375 0 0.81640625 0.0052083328125 0.81640625 0.012152778125 0.8232421875 0.03125 0.8330078125 0.03819444375 0.8427734375 0.03819444375 0.8486328125 0.034722221875 0.859375 0.015625 0.8583984375 0 0.8193359375 0
7 0.65859375 0.36796875 0.1921875 0.4203125
10 0.63671875 0.230902778125 0.634765625 0.22743055625 0.63671875 0.18576388906250002 0.6337890625 0.18055555625 0.62890625 0.18576388906250002 0.6259765625 0.18055555625 0.6220703125 0.18055555625 0.6171875 0.19618055625 0.615234375 0.234375 0.6220703125 0.24305555625 0.6259765625 0.24305555625 0.63671875 0.230902778125
10 0.4658203125 0 0.46484375 0.0295138890625 0.466796875 0.0364583328125 0.4736328125 0.0486111109375 0.4833984375 0.05208333281250001 0.4892578125 0.0486111109375 0.49609375 0.0364583328125 0.501953125 0.012152778125 0.4970703125 0 0.4658203125 0
6 0.38515625 0.7765625 0.046875 0.1359375