10 0.2021484375 0 0.197265625 0.00868055625 0.1953125 0.0329861109375 0.19921875 0.046875 0.2119140625 0.065972221875 0.2255859375 0.059027778125 0.232421875 0.046875 0.236328125 0.0295138890625 0.2255859375 0 0.2021484375 0
10 0.4658203125 0.18055555625 0.47265625 0.16840277812499999 0.474609375 0.1614583328125 0.474609375 0.140625 0.4697265625 0.12847222187500001 0.4619140625 0.125 0.4599609375 0.12847222187500001 0.4560546875 0.12847222187500001 0.44921875 0.140625 0.447265625 0.14756944375 0.447265625 0.16493055625 0.4560546875 0.18055555625 0.4658203125 0.18055555625
10 0.4541015625 0.684027778125 0.4716796875 0.684027778125 0.482421875 0.668402778125 0.484375 0.637152778125 0.48046875 0.6197916671875 0.4755859375 0.6111111109375 0.4658203125 0.6076388890625 0.4541015625 0.6111111109375 0.4453125 0.6197916671875 0.443359375 0.6267361109375 0.443359375 0.6614583328125 0.4501953125 0.6805555562500001 0.4541015625 0.684027778125
10 0.23046875 0.5260416671875 0.234375 0.512152778125 0.234375 0.4982638890625 0.2255859375 0.47569444375 0.2119140625 0.46527777812500004 0.2041015625 0.46875 0.1953125 0.484375 0.19140625 0.515625 0.1982421875 0.53125 0.2197265625 0.5416666671875 0.23046875 0.5260416671875
10 0.2119140625 0.7881944437499999 0.2255859375 0.7881944437499999 0.234375 0.7725694437499999 0.236328125 0.765625 0.236328125 0.737847221875 0.2314453125 0.7291666671875 0.2138671875 0.71875 0.2060546875 0.722222221875 0.19921875 0.730902778125 0.1953125 0.7447916671875 0.1953125 0.762152778125 0.2041015625 0.78125 0.2119140625 0.7881944437499999
7 0.3375 0.3703125 0.1796875 0.41171875
10 0.3076171875 0.59375 0.3154296875 0.59375 0.3271484375 0.5833333328125 0.33203125 0.5677083328125 0.330078125 0.543402778125 0.3134765625 0.527777778125 0.3017578125 0.534722221875 0.294921875 0.546875 0.294921875 0.5711805562500001 0.296875 0.578125 0.3076171875 0.59375
10 0.3271484375 0.659722221875 0.3310546875 0.6631944437499999 0.3505859375 0.6631944437499999 0.357421875 0.6510416671875 0.361328125 0.612847221875 0.3525390625 0.590277778125 0.3486328125 0.5868055562500001 0.3330078125 0.5868055562500001 0.322265625 0.6024305562500001 0.318359375 0.612847221875 0.318359375 0.6232638890625 0.322265625 0.6475694437499999 0.3271484375 0.659722221875
10 0.3759765625 0.5798611109375 0.3828125 0.5677083328125 0.384765625 0.5329861109375 0.3759765625 0.5138888890625 0.3623046875 0.5104166671875 0.345703125 0.5260416671875 0.34375 0.5607638890625 0.3583984375 0.590277778125 0.3642578125 0.590277778125 0.3759765625 0.5798611109375
10 0.4677734375 0.5243055562500001 0.4755859375 0.5173611109375 0.478515625 0.512152778125 0.482421875 0.48784722187499996 0.48046875 0.4739583328125 0.4736328125 0.46180555625 0.4658203125 0.4548611109375 0.4599609375 0.4583333328125 0.443359375 0.484375 0.44140625 0.4947916671875 0.443359375 0.5086805562500001 0.4541015625 0.527777778125 0.4677734375 0.5243055562500001
6 0.63125 0.78359375 0.0421875 0.12734375