6 0.371875 0.6890625 0.05234375 0.1359375
10 0.8859375 0.509375 0.04296875 0.078125
10 0.17421875 0.68046875 0.03984375 0.065625
10 0.43671875 0.65546875 0.0359375 0.0640625
10 0.61171875 0.5265625 0.03984375 0.0703125
10 0.66171875 0.65546875 0.03828125 0.0625
7 0.6625 0.37109375 0.18125 0.4078125
10 0.178125 0.7953125 0.040625 0.0703125
10 0.1765625 0.14375 0.046875 0.08125
10 0.434375 0.02890625 0.040625 0.0578125
10 0.7453125 0.76015625 0.03984375 0.0640625
10 0.61875 0.68828125 0.040625 0.0734375
10 0.8875 0.778125 0.03984375 0.07421875
10 0.7109375 0.6046875 0.0375 0.06328125
10 0.43671875 0.33359375 0.03515625 0.06875
10 0.66328125 0.8265625 0.0359375 0.04609375
10 0.61015625 0.2171875 0.04375 0.08046875
10 0.71484375 0.2171875 0.0375 0.08046875