8 0.0380859375 0.847222221875 0.0458984375 0.8506944437499999 0.0634765625 0.8506944437499999 0.068359375 0.8454861109375 0.068359375 0.8177083328125001 0.044921875 0.29340277812500004 0.04296875 0.2864583328125 0.0390625 0.16493055625 0.0341796875 0.125 0.033203125 0.5364583328125 0.03515625 0.543402778125 0.03515625 0.831597221875 0.0380859375 0.847222221875
8 0.1728515625 0.84375 0.17578125 0.8385416671874999 0.17578125 0.7100694437499999 0.173828125 0.703125 0.173828125 0.39409722187499996 0.171875 0.38715277812500004 0.171875 0.3767361109375 0.173828125 0.3732638890625 0.1728515625 0.1354166671875 0.169921875 0.13715277812499999 0.166015625 0.22048611093749998 0.166015625 0.26215277812500004 0.1640625 0.26909722187499996 0.1640625 0.3107638890625 0.162109375 0.3177083328125 0.162109375 0.3697916671875 0.16015625 0.3767361109375 0.146484375 0.703125 0.142578125 0.8420138890625 0.1455078125 0.847222221875 0.1513671875 0.84375 0.1728515625 0.84375
8 0.28125 0.8350694437499999 0.28125 0.7274305562500001 0.283203125 0.7204861109375 0.283203125 0.5086805562500001 0.28515625 0.5017361109375 0.283203125 0.4947916671875 0.28515625 0.49131944375 0.2890625 0.14409722187500001 0.2861328125 0.121527778125 0.283203125 0.13715277812499999 0.283203125 0.17881944375 0.28125 0.18576388906250002 0.27734375 0.30381944375000003 0.275390625 0.3107638890625 0.275390625 0.3420138890625 0.2734375 0.3489583328125 0.26953125 0.41840277812500004 0.267578125 0.484375 0.265625 0.49131944375 0.265625 0.5295138890625 0.263671875 0.5364583328125 0.263671875 0.5607638890625 0.26171875 0.5677083328125 0.26171875 0.5920138890625 0.259765625 0.5989583328125 0.251953125 0.7274305562500001 0.248046875 0.8385416671874999 0.2529296875 0.84375 0.2783203125 0.840277778125 0.28125 0.8350694437499999
8 0.33984375 0.49131944375 0.341796875 0.4982638890625 0.341796875 0.637152778125 0.34765625 0.8454861109375 0.3623046875 0.8506944437499999 0.3779296875 0.8506944437499999 0.3828125 0.8420138890625 0.380859375 0.8350694437499999 0.357421875 0.4427083328125 0.35546875 0.4357638890625 0.35546875 0.4114583328125 0.353515625 0.4045138890625 0.34765625 0.28993055624999997 0.345703125 0.2829861109375 0.341796875 0.17881944375 0.33984375 0.171875 0.337890625 0.12673611093749998 0.3349609375 0.125 0.333984375 0.234375 0.337890625 0.4045138890625 0.33984375 0.4114583328125 0.33984375 0.49131944375
8 0.486328125 0.8454861109375 0.486328125 0.762152778125 0.482421875 0.581597221875 0.48046875 0.574652778125 0.4765625 0.33159722187499996 0.474609375 0.32465277812500004 0.47265625 0.112847221875 0.4697265625 0.09375 0.466796875 0.11631944375 0.462890625 0.30381944375000003 0.462890625 0.4114583328125 0.4609375 0.41840277812500004 0.4609375 0.512152778125 0.458984375 0.519097221875 0.455078125 0.6892361109375 0.453125 0.8454861109375 0.4580078125 0.8506944437499999 0.4833984375 0.8506944437499999 0.486328125 0.8454861109375
8 0.5615234375 0.8506944437499999 0.5654296875 0.847222221875 0.5810546875 0.847222221875 0.5869140625 0.8506944437499999 0.591796875 0.8454861109375 0.591796875 0.7725694437499999 0.587890625 0.44965277812500004 0.5859375 0.44618055625 0.5859375 0.32118055624999997 0.583984375 0.3142361109375 0.583984375 0.30034722187499996 0.5859375 0.296875 0.5859375 0.2795138890625 0.583984375 0.27256944375000003 0.583984375 0.11631944375 0.5810546875 0.09375 0.578125 0.112847221875 0.564453125 0.578125 0.560546875 0.7725694437499999 0.55859375 0.7795138890625 0.55859375 0.8454861109375 0.5615234375 0.8506944437499999
8 0.66015625 0.8454861109375 0.6943359375 0.847222221875 0.6953125 0.828125 0.69140625 0.7552083328125 0.689453125 0.7482638890625 0.689453125 0.7204861109375 0.669921875 0.35590277812500004 0.66796875 0.3489583328125 0.66796875 0.32118055624999997 0.65625 0.1197916671875 0.654296875 0.09895833281250001 0.6513671875 0.097222221875 0.650390625 0.18576388906250002 0.658203125 0.7413194437499999 0.66015625 0.7482638890625 0.66015625 0.8454861109375
8 0.80078125 0.8454861109375 0.80078125 0.6510416671875 0.802734375 0.644097221875 0.806640625 0.21006944375 0.8056640625 0.125 0.802734375 0.14409722187500001 0.80078125 0.21701388906250002 0.798828125 0.22395833281250002 0.794921875 0.32465277812500004 0.79296875 0.33159722187499996 0.77734375 0.6267361109375 0.767578125 0.8454861109375 0.7919921875 0.847222221875 0.7978515625 0.8506944437499999 0.80078125 0.8454861109375
8 0.8984375 0.26215277812500004 0.8984375 0.296875 0.896484375 0.30381944375000003 0.896484375 0.35243055624999997 0.89453125 0.35590277812500004 0.892578125 0.4392361109375 0.890625 0.44618055625 0.890625 0.48090277812500004 0.888671875 0.48784722187499996 0.873046875 0.796875 0.8740234375 0.84375 0.8955078125 0.84375 0.9033203125 0.840277778125 0.904296875 0.8142361109375 0.90625 0.8072916671874999 0.9072265625 0.121527778125 0.904296875 0.12673611093749998 0.904296875 0.15798611093749998 0.90234375 0.16493055625 0.90234375 0.206597221875 0.900390625 0.21354166718749998 0.900390625 0.2552083328125 0.8984375 0.26215277812500004
8 0.96875 0.3385416671875 0.970703125 0.3454861109375 0.97265625 0.8350694437499999 0.9755859375 0.84375 0.9873046875 0.847222221875 0.990234375 0.8420138890625 0.990234375 0.7204861109375 0.98828125 0.7135416671875 0.9853515625 0.6111111109375 0.986328125 0.5989583328125 0.990234375 0.5920138890625 0.990234375 0.581597221875 0.98828125 0.5711805562500001 0.98046875 0.5538194437499999 0.978515625 0.5295138890625 0.9833984375 0.503472221875 0.990234375 0.4947916671875 0.990234375 0.4739583328125 0.986328125 0.4010416671875 0.984375 0.39409722187499996 0.984375 0.36284722187499996 0.982421875 0.35590277812500004 0.982421875 0.3107638890625 0.98046875 0.30381944375000003 0.9765625 0.19965277812499999 0.974609375 0.1927083328125 0.974609375 0.15451388906250002 0.97265625 0.14756944375 0.97265625 0.1232638890625 0.9697265625 0.1111111109375 0.96875 0.2552083328125 0.970703125 0.26215277812500004 0.96875 0.265625 0.96875 0.3385416671875
6 0.53203125 0.78515625 0.040625 0.1328125
4 0.10859375 0.67265625 0.09609375 0.3515625