10 0.7685546875 0.53125 0.78125 0.519097221875 0.78515625 0.5052083328125 0.78515625 0.484375 0.7763671875 0.46527777812500004 0.7724609375 0.46180555625 0.7568359375 0.46180555625 0.74609375 0.47743055625 0.744140625 0.484375 0.744140625 0.5052083328125 0.7529296875 0.5243055562500001 0.7685546875 0.53125
10 0.7587890625 0.6944444437499999 0.7724609375 0.6944444437499999 0.787109375 0.671875 0.7890625 0.6545138890625 0.7841796875 0.628472221875 0.7744140625 0.6180555562500001 0.7607421875 0.6180555562500001 0.7509765625 0.625 0.7421875 0.640625 0.7421875 0.668402778125 0.7548828125 0.690972221875 0.7587890625 0.6944444437499999
10 0.7666015625 0.17013888906250002 0.7685546875 0.17361111093749998 0.7744140625 0.17361111093749998 0.787109375 0.1510416671875 0.787109375 0.13368055625 0.7763671875 0.1111111109375 0.7626953125 0.1076388890625 0.75 0.1232638890625 0.74609375 0.13368055625 0.74609375 0.15451388906250002 0.7568359375 0.1770833328125 0.7666015625 0.17013888906250002
10 0.5029296875 0.34722222187499996 0.5224609375 0.35069444375000003 0.5302734375 0.34375 0.53515625 0.33159722187499996 0.53515625 0.3072916671875 0.5263671875 0.28819444375000003 0.5185546875 0.28472222187499996 0.5107421875 0.28819444375000003 0.5 0.30034722187499996 0.498046875 0.3072916671875 0.498046875 0.328125 0.5 0.3420138890625 0.5029296875 0.34722222187499996
10 0.5029296875 0.8055555562500001 0.5068359375 0.809027778125 0.5205078125 0.809027778125 0.5263671875 0.8055555562500001 0.53515625 0.7899305562500001 0.53515625 0.762152778125 0.5283203125 0.746527778125 0.5244140625 0.7430555562500001 0.5068359375 0.7430555562500001 0.498046875 0.7552083328125 0.49609375 0.762152778125 0.49609375 0.7864583328125 0.5009765625 0.7951388890625 0.5029296875 0.8055555562500001
10 0.4189453125 0.847222221875 0.423828125 0.8350694437499999 0.419921875 0.8142361109375 0.4130859375 0.8055555562500001 0.4033203125 0.8055555562500001 0.3896484375 0.8125 0.384765625 0.8211805562500001 0.3857421875 0.84375 0.3916015625 0.847222221875 0.4189453125 0.847222221875
10 0.298828125 0.8420138890625 0.298828125 0.824652778125 0.2900390625 0.809027778125 0.2763671875 0.809027778125 0.26953125 0.8211805562500001 0.267578125 0.8385416671874999 0.2705078125 0.847222221875 0.2958984375 0.847222221875 0.298828125 0.8420138890625
10 0.3857421875 0.6770833328125 0.392578125 0.668402778125 0.3984375 0.6510416671875 0.396484375 0.6267361109375 0.3857421875 0.6145833328125 0.3720703125 0.6145833328125 0.361328125 0.6302083328125 0.359375 0.6510416671875 0.36328125 0.6649305562500001 0.3740234375 0.6770833328125 0.3857421875 0.6770833328125
10 0.2978515625 0.6111111109375 0.306640625 0.5954861109375 0.30859375 0.574652778125 0.2978515625 0.5520833328125 0.2900390625 0.5486111109375 0.2822265625 0.5520833328125 0.26953125 0.5677083328125 0.267578125 0.5885416671875 0.2783203125 0.6111111109375 0.2919921875 0.6145833328125 0.2978515625 0.6111111109375
10 0.3369140625 0.6388888890625 0.3486328125 0.6388888890625 0.3544921875 0.6354166671875 0.359375 0.6267361109375 0.365234375 0.5920138890625 0.361328125 0.578125 0.3544921875 0.565972221875 0.3505859375 0.5625 0.3388671875 0.5625 0.3330078125 0.565972221875 0.322265625 0.581597221875 0.3203125 0.5989583328125 0.32421875 0.6197916671875 0.3291015625 0.6319444437499999 0.3369140625 0.6388888890625
10 0.1728515625 0.6770833328125 0.177734375 0.668402778125 0.181640625 0.6510416671875 0.177734375 0.6302083328125 0.1630859375 0.6111111109375 0.1513671875 0.6145833328125 0.14453125 0.6232638890625 0.140625 0.637152778125 0.138671875 0.668402778125 0.1455078125 0.6770833328125 0.1611328125 0.684027778125 0.1728515625 0.6770833328125
10 0.1552734375 0.5451388890625 0.1689453125 0.5451388890625 0.177734375 0.5329861109375 0.18359375 0.5052083328125 0.1708984375 0.4791666671875 0.1591796875 0.47569444375 0.1474609375 0.4826388890625 0.142578125 0.49131944375 0.140625 0.4982638890625 0.140625 0.5225694437499999 0.1513671875 0.5416666671875 0.1552734375 0.5451388890625
10 0.1416015625 0 0.140625 0.015625 0.1513671875 0.034722221875 0.1572265625 0.03819444375 0.1669921875 0.03819444375 0.1767578125 0.03125 0.18359375 0.012152778125 0.18359375 0.0052083328125 0.1806640625 0 0.1416015625 0
7 0.34140625 0.36796875 0.1921875 0.4203125
10 0.3740234375 0.24305555625 0.3779296875 0.24305555625 0.384765625 0.234375 0.3828125 0.19618055625 0.3779296875 0.18055555625 0.3740234375 0.18055555625 0.37109375 0.18576388906250002 0.3662109375 0.18055555625 0.36328125 0.18576388906250002 0.365234375 0.22743055625 0.36328125 0.230902778125 0.3740234375 0.24305555625
10 0.5029296875 0 0.498046875 0.012152778125 0.50390625 0.0364583328125 0.5107421875 0.0486111109375 0.5166015625 0.05208333281250001 0.5263671875 0.0486111109375 0.533203125 0.0364583328125 0.53515625 0.0295138890625 0.5341796875 0 0.5029296875 0
6 0.61484375 0.7765625 0.046875 0.1359375