6 0.4734375 0.78828125 0.04140625 0.13125
8 0.83125 0.51953125 0.03515625 0.65625
8 0.41953125 0.521875 0.03828125 0.70859375
8 0.52734375 0.51640625 0.0359375 0.69765625
8 0.64140625 0.50546875 0.04453125 0.7234375
8 0.10390625 0.5234375 0.040625 0.6671875
8 0.20859375 0.5328125 0.04453125 0.73359375
8 0.321875 0.52734375 0.0484375 0.67421875
8 0.95078125 0.51328125 0.05546875 0.69453125
8 0.72890625 0.51171875 0.0421875 0.68515625
8 0.01484375 0.546875 0.02890625 0.6078125
4 0.9453125 0.6421875 0.109375 0.4265625
4 0.978125 0.63515625 0.04375 0.4390625