7 0.33203125 0.38359375 0.1890625 0.42421875
10 0.85234375 0.51015625 0.03671875 0.0671875
10 0.85390625 0.784375 0.040625 0.075
10 0.85234375 0.1421875 0.040625 0.07109375
10 0.58359375 0.5078125 0.03671875 0.06953125
10 0.0890625 0.53046875 0.04375 0.07734375
10 0.415625 0.76640625 0.040625 0.06875
10 0.40546875 0.4609375 0.0375 0.06875
10 0.27265625 0.6546875 0.03984375 0.0734375
10 0.584375 0.665625 0.0421875 0.078125
10 0.584375 0.02734375 0.040625 0.0546875
10 0.40234375 0.2140625 0.046875 0.08203125
10 0.084375 0.66328125 0.04296875 0.0796875
10 0.41015625 0.83203125 0.03828125 0.046875
10 0.4015625 0.65859375 0.0421875 0.06171875
10 0.3375 0.79921875 0.0421875 0.07734375
10 0.2828125 0.77734375 0.03828125 0.06015625
10 0.071875 0 0.06979166718749999 0.0101851859375 0.0692708328125 0.0379629625 0.0713541671875 0.051851851562499995 0.0760416671875 0.060185185937499996 0.08645833281250001 0.059259259375 0.09375 0.055555556250000006 0.10625 0.0416666671875 0.10833333281249999 0.0361111109375 0.11145833281249999 0 0.071875 0
6 0.71171875 0.69921875 0.04453125 0.12421875