6 0.33203125 0.70546875 0.04921875 0.13203125
10 0.2453125 0.50625 0.04140625 0.075
10 0.60859375 0.76328125 0.03984375 0.0671875
10 0.83828125 0.7765625 0.04140625 0.06953125
10 0.66015625 0.60234375 0.04140625 0.06953125
7 0.66171875 0.37578125 0.18125 0.41015625
10 0.60390625 0.63046875 0.0375 0.06328125
10 0.83984375 0.3234375 0.04296875 0.07109375
10 0.24296875 0.78125 0.04375 0.07734375
10 0.48359375 0.66484375 0.0390625 0.06640625
10 0.48046875 0.1484375 0.03984375 0.06328125
10 0.48125 0.509375 0.03671875 0.06328125
10 0.7171875 0.6234375 0.03671875 0.06171875
10 0.2421875 0.03046875 0.04375 0.0609375
10 0.8359375 0.14140625 0.0453125 0.07265625