10 0.47578125 0.16171875 0.03984375 0.07734375
10 0.46953125 0.5046875 0.04453125 0.0765625
7 0.33203125 0.36484375 0.1828125 0.40390625
10 0.68515625 0.6609375 0.04140625 0.078125
10 0.20078125 0.02578125 0.04140625 0.0515625
10 0.2953125 0.5328125 0.0390625 0.0703125
10 0.33828125 0.66640625 0.04140625 0.07421875
10 0.33515625 0.83984375 0.0234375 0.02890625
10 0.396875 0.64140625 0.0390625 0.0640625
10 0.68984375 0.50546875 0.03828125 0.07109375
10 0.19921875 0.77734375 0.04609375 0.0765625
10 0.47265625 0.7859375 0.0359375 0.0734375
10 0.20078125 0.32109375 0.040625 0.071875
10 0.27421875 0.840625 0.02421875 0.0296875
6 0.71328125 0.790625 0.04921875 0.11328125
10 0.6859375 0.02421875 0.046875 0.0484375