10 0.82421875 0.1578125 0.0453125 0.07890625
10 0.390625 0.53203125 0.04140625 0.0671875
7 0.33359375 0.3796875 0.18046875 0.40859375
10 0.8265625 0.51015625 0.04296875 0.078125
10 0.121875 0.03203125 0.0453125 0.0640625
10 0.38984375 0.15234375 0.0359375 0.05859375
10 0.559375 0.03515625 0.04140625 0.0703125
10 0.1203125 0.5265625 0.0453125 0.078125
10 0.3390625 0.65546875 0.0375 0.06640625
10 0.821875 0.67109375 0.04296875 0.07578125
10 0.2890625 0.14765625 0.04296875 0.065625
6 0.58125 0.8015625 0.05390625 0.13125
10 0.1203125 0.6640625 0.04140625 0.07890625
10 0.55859375 0.334375 0.03828125 0.0765625
10 0.284375 0.6234375 0.04609375 0.11015625
10 0.2828125 0.64921875 0.03984375 0.0640625