4 0.22421875 0.675 0.134375 0.35
6 0.55703125 0.7890625 0.0359375 0.13359375
8 0.31484375 0.8171875 0.04765625 0.07421875
8 0.41875 0.8171875 0.04921875 0.07421875
8 0.5203125 0.81875 0.04921875 0.07265625
8 0.62734375 0.81640625 0.053125 0.06640625
8 0.73203125 0.81953125 0.04765625 0.0515625
8 0.83203125 0.8140625 0.05078125 0.06796875
8 0.92265625 0.815625 0.02109375 0.0609375
8 0.20703125 0.81953125 0.05078125 0.06328125
8 0.1078125 0.81875 0.053125 0.0703125
8 0.01484375 0.8171875 0.02890625 0.05625