10 0.64921875 0.5140625 0.04296875 0.075
10 0.6484375 0.65703125 0.04375 0.07734375
10 0.284375 0.69140625 0.04296875 0.07578125
10 0.65 0.14921875 0.04609375 0.078125
10 0.2296875 0.63671875 0.04296875 0.0765625
10 0.44453125 0.74140625 0.03984375 0.06328125
7 0.3390625 0.37109375 0.178125 0.40390625
10 0.40078125 0.66328125 0.04375 0.07734375
10 0.303125 0.53515625 0.0359375 0.06796875
6 0.66171875 0.7796875 0.040625 0.134375
10 0.02734375 0.64296875 0.03984375 0.071875
10 0.44296875 0.165625 0.034375 0.06640625
10 0.446875 0.49375 0.03828125 0.06953125
10 0.3390625 0.5625 0.0421875 0.0671875
10 0.02734375 0.32890625 0.0375 0.0703125
10 0.028125 0.028125 0.04375 0.05625
10 0.23359375 0.0375 0.0390625 0.0734375
10 0.92578125 0.6421875 0.0234375 0.0640625
10 0.3375 0.828125 0.0359375 0.0390625
10 0.92265625 0.50625 0.0265625 0.07421875