7 0.33828125 0.37265625 0.184375 0.40703125
10 0.5390625 0.659375 0.0390625 0.071875
10 0.1453125 0.5171875 0.040625 0.0703125
10 0.31171875 0.6015625 0.04375 0.075
10 0.7875 0.146875 0.04375 0.07890625
10 0.340625 0.690625 0.03828125 0.06875
10 0.540625 0.02265625 0.040625 0.0453125
10 0.7859375 0.5109375 0.04140625 0.0765625
6 0.665625 0.7515625 0.04765625 0.1234375
10 0.54140625 0.321875 0.0359375 0.06328125
10 0.14609375 0.659375 0.03984375 0.06796875
10 0.38515625 0.74375 0.040625 0.06484375
10 0.38046875 0.54921875 0.04375 0.078125
10 0.146875 0.034375 0.04375 0.06875
10 0.7875 0.80390625 0.04140625 0.0796875
10 0.303125 0.54296875 0.03984375 0.06484375
10 0.25 0.8328125 0.0328125 0.0453125