10 0.22734375 0.6328125 0.0375 0.0671875
10 0.0390625 0.32109375 0.0375 0.07109375
10 0.4375 0.740625 0.0421875 0.07734375
10 0.6421875 0.77890625 0.0421875 0.07421875
10 0.38984375 0.67734375 0.03671875 0.0625
10 0.24453125 0.74375 0.04453125 0.07734375
10 0.64375 0.0265625 0.0390625 0.053125
10 0.64140625 0.53125 0.0390625 0.06875
10 0.0390625 0.67109375 0.0375 0.07109375
7 0.3390625 0.38203125 0.1828125 0.4140625
10 0.40546875 0.62578125 0.0390625 0.0671875
10 0.4375 0.0703125 0.03671875 0.06328125
10 0.03515625 0.15859375 0.04375 0.07578125
10 0.36796875 0.54453125 0.03984375 0.065625
10 0.24296875 0.17265625 0.0390625 0.084375
10 0.33984375 0.83984375 0.0328125 0.03671875
6 0.64609375 0.625 0.04140625 0.12421875
10 0.28125 0.8359375 0.0375 0.04296875
10 0.40546875 0.83828125 0.03046875 0.0375
10 0.92265625 0.66796875 0.03125 0.0734375