10 0.3701171875 0.6458333328125 0.3818359375 0.6493055562500001 0.3916015625 0.6423611109375 0.3984375 0.6302083328125 0.400390625 0.6232638890625 0.400390625 0.5954861109375 0.3955078125 0.5798611109375 0.3916015625 0.5763888890625 0.3720703125 0.5763888890625 0.36328125 0.5850694437499999 0.361328125 0.5920138890625 0.361328125 0.6232638890625 0.36328125 0.6336805562500001 0.3701171875 0.6458333328125
10 0.0869140625 0.715277778125 0.1044921875 0.71875 0.115234375 0.703125 0.12109375 0.675347221875 0.12109375 0.6579861109375 0.1123046875 0.6423611109375 0.0927734375 0.6423611109375 0.0849609375 0.6458333328125 0.080078125 0.6545138890625 0.076171875 0.6649305562500001 0.076171875 0.675347221875 0.080078125 0.699652778125 0.0869140625 0.715277778125
10 0.2958984375 0.6805555562500001 0.3134765625 0.6805555562500001 0.3203125 0.671875 0.326171875 0.6475694437499999 0.326171875 0.6267361109375 0.3193359375 0.6076388890625 0.3154296875 0.6041666671875 0.2978515625 0.6041666671875 0.287109375 0.6197916671875 0.28515625 0.6302083328125 0.287109375 0.6579861109375 0.2890625 0.668402778125 0.2958984375 0.6805555562500001
10 0.3466796875 0.7743055562500001 0.35546875 0.765625 0.359375 0.7517361109375 0.361328125 0.7274305562500001 0.357421875 0.7100694437499999 0.3525390625 0.7013888890625 0.3486328125 0.6979166671875 0.3349609375 0.6979166671875 0.3212890625 0.7083333328125 0.31640625 0.7204861109375 0.314453125 0.737847221875 0.3271484375 0.7708333328125 0.3310546875 0.7743055562500001 0.3466796875 0.7743055562500001
7 0.3375 0.3640625 0.18671875 0.40234375
10 0.3955078125 0.1875 0.404296875 0.16493055625 0.400390625 0.140625 0.3916015625 0.12847222187500001 0.3779296875 0.13194444375 0.3671875 0.15451388906250002 0.365234375 0.17881944375 0.3720703125 0.19444444375 0.3857421875 0.19444444375 0.3955078125 0.1875
10 0.3037109375 0.1770833328125 0.310546875 0.15798611093749998 0.30859375 0.13368055625 0.2939453125 0.11805555625 0.2841796875 0.11805555625 0.271484375 0.13715277812499999 0.26953125 0.14756944375 0.271484375 0.1614583328125 0.2900390625 0.19097222187500001 0.3037109375 0.1770833328125
10 0.3779296875 0.5451388890625 0.3916015625 0.5451388890625 0.40625 0.519097221875 0.41015625 0.48784722187499996 0.3994140625 0.47222222187499996 0.3916015625 0.46875 0.3662109375 0.49652777812500004 0.36328125 0.5017361109375 0.36328125 0.5225694437499999 0.365234375 0.5295138890625 0.3779296875 0.5451388890625
10 0.28125 0.5329861109375 0.2900390625 0.5416666671875 0.3037109375 0.5381944437499999 0.30859375 0.5295138890625 0.310546875 0.5052083328125 0.3037109375 0.49652777812500004 0.2998046875 0.49652777812500004 0.296875 0.5017361109375 0.29296875 0.4947916671875 0.29296875 0.48784722187499996 0.271484375 0.45659722187499996 0.26953125 0.4635416671875 0.271484375 0.5052083328125 0.283203125 0.5260416671875 0.28125 0.5329861109375
10 0.5341796875 0.7083333328125 0.544921875 0.6961805562500001 0.548828125 0.675347221875 0.548828125 0.6545138890625 0.546875 0.644097221875 0.5419921875 0.6354166671875 0.5283203125 0.6319444437499999 0.5087890625 0.6388888890625 0.50390625 0.6475694437499999 0.50390625 0.675347221875 0.5146484375 0.7013888890625 0.5341796875 0.7083333328125
10 0.5625 0.8072916671874999 0.564453125 0.796875 0.5625 0.7795138890625 0.5556640625 0.7673611109375 0.5419921875 0.7638888890625 0.53515625 0.7829861109375 0.533203125 0.8038194437499999 0.5400390625 0.815972221875 0.5537109375 0.8194444437499999 0.5625 0.8072916671874999
10 0.7939453125 0.6944444437499999 0.8017578125 0.6979166671875 0.8115234375 0.6944444437499999 0.8203125 0.6788194437499999 0.82421875 0.6649305562500001 0.822265625 0.644097221875 0.8095703125 0.621527778125 0.8037109375 0.6180555562500001 0.7958984375 0.6180555562500001 0.78515625 0.6302083328125 0.779296875 0.6510416671875 0.779296875 0.675347221875 0.7861328125 0.6875 0.7939453125 0.6944444437499999
10 0.7939453125 0.5381944437499999 0.8115234375 0.5381944437499999 0.8203125 0.515625 0.8203125 0.49131944375 0.81640625 0.4739583328125 0.8056640625 0.46180555625 0.7939453125 0.46180555625 0.78125 0.4739583328125 0.779296875 0.48090277812500004 0.779296875 0.519097221875 0.7880859375 0.534722221875 0.7939453125 0.5381944437499999
10 0.7822265625 0 0.779296875 0.0052083328125 0.779296875 0.0295138890625 0.7880859375 0.0451388890625 0.7939453125 0.0486111109375 0.8095703125 0.05208333281250001 0.82421875 0.02256944375 0.82421875 0.00868055625 0.8212890625 0 0.7822265625 0
10 0.5478515625 0.19097222187500001 0.5615234375 0.1875 0.568359375 0.17534722187500001 0.572265625 0.15451388906250002 0.572265625 0.14409722187500001 0.568359375 0.12673611093749998 0.5615234375 0.1145833328125 0.5439453125 0.1145833328125 0.5380859375 0.11805555625 0.53125 0.1302083328125 0.53125 0.1614583328125 0.53515625 0.1822916671875 0.5478515625 0.19097222187500001
6 0.6578125 0.7765625 0.05546875 0.1359375