10 0.2203125 0.65390625 0.04609375 0.0734375
10 0.4546875 0.49765625 0.04453125 0.0765625
10 0.45625 0.03515625 0.04140625 0.06640625
7 0.3375 0.375 0.18046875 0.40546875
10 0.6671875 0.51484375 0.03671875 0.07109375
10 0.29375 0.59140625 0.0375 0.0640625
10 0.6671875 0.1421875 0.03828125 0.07109375
10 0.01484375 0.67265625 0.0296875 0.07109375
10 0.6671875 0.796875 0.04375 0.08203125
10 0.3390625 0.60703125 0.03828125 0.06875
10 0.01640625 0.1546875 0.03203125 0.08046875
10 0.015625 0.32734375 0.03125 0.06953125
10 0.22265625 0.03984375 0.0390625 0.07421875
10 0.4578125 0.76328125 0.0390625 0.07734375
10 0.42109375 0.76875 0.03984375 0.07421875
10 0.22109375 0.315625 0.03828125 0.07265625