6 0.55703125 0.7875 0.03828125 0.134375
8 0.5171875 0.5234375 0.03984375 0.66484375
8 0.41640625 0.50859375 0.0359375 0.68515625
8 0.83046875 0.51875 0.0375 0.6546875
8 0.6296875 0.50859375 0.0359375 0.684375
8 0.11171875 0.5203125 0.03984375 0.65703125
8 0.734375 0.51796875 0.02578125 0.65078125
8 0.31328125 0.49921875 0.0328125 0.7046875
4 0.22578125 0.6703125 0.1390625 0.35859375
8 0.20234375 0.53515625 0.040625 0.63828125
8 0 0.8530387312500001 0.016527225 0.847334640625 0.0153916078125 0.09577009843749999 0 0.5244832734375 0 0.8530387312500001