10 0.7744140625 0 0.763671875 0.0295138890625 0.767578125 0.046875 0.7744140625 0.059027778125 0.7880859375 0.065972221875 0.80078125 0.046875 0.8046875 0.0329861109375 0.802734375 0.00868055625 0.7978515625 0 0.7744140625 0
10 0.5439453125 0.18055555625 0.552734375 0.16493055625 0.552734375 0.14756944375 0.55078125 0.140625 0.5439453125 0.12847222187500001 0.5400390625 0.12847222187500001 0.5380859375 0.125 0.5302734375 0.12847222187500001 0.525390625 0.140625 0.525390625 0.1614583328125 0.52734375 0.16840277812499999 0.5341796875 0.18055555625 0.5439453125 0.18055555625
10 0.5498046875 0.6805555562500001 0.556640625 0.6614583328125 0.556640625 0.6267361109375 0.5546875 0.6197916671875 0.5458984375 0.6111111109375 0.5341796875 0.6076388890625 0.5244140625 0.6111111109375 0.51953125 0.6197916671875 0.515625 0.637152778125 0.517578125 0.668402778125 0.5283203125 0.684027778125 0.5458984375 0.684027778125 0.5498046875 0.6805555562500001
10 0.7802734375 0.5416666671875 0.8017578125 0.53125 0.80859375 0.515625 0.8046875 0.484375 0.7958984375 0.46875 0.7880859375 0.46527777812500004 0.7744140625 0.47569444375 0.765625 0.4982638890625 0.765625 0.512152778125 0.76953125 0.5260416671875 0.7802734375 0.5416666671875
10 0.7958984375 0.78125 0.8046875 0.762152778125 0.8046875 0.7447916671875 0.80078125 0.730902778125 0.7939453125 0.722222221875 0.7861328125 0.71875 0.7685546875 0.7291666671875 0.763671875 0.737847221875 0.763671875 0.765625 0.765625 0.7725694437499999 0.7744140625 0.7881944437499999 0.7880859375 0.7881944437499999 0.7958984375 0.78125
7 0.6625 0.3703125 0.1796875 0.41171875
10 0.703125 0.578125 0.705078125 0.5711805562500001 0.705078125 0.546875 0.6982421875 0.534722221875 0.6865234375 0.527777778125 0.669921875 0.543402778125 0.66796875 0.5677083328125 0.6728515625 0.5833333328125 0.6845703125 0.59375 0.6923828125 0.59375 0.703125 0.578125
10 0.677734375 0.6475694437499999 0.681640625 0.6232638890625 0.681640625 0.612847221875 0.677734375 0.6024305562500001 0.6669921875 0.5868055562500001 0.6513671875 0.5868055562500001 0.6474609375 0.590277778125 0.638671875 0.612847221875 0.642578125 0.6510416671875 0.6494140625 0.6631944437499999 0.6689453125 0.6631944437499999 0.6728515625 0.659722221875 0.677734375 0.6475694437499999
10 0.6357421875 0.590277778125 0.6416015625 0.590277778125 0.65625 0.5607638890625 0.654296875 0.5260416671875 0.6376953125 0.5104166671875 0.6240234375 0.5138888890625 0.615234375 0.5329861109375 0.6171875 0.5677083328125 0.6240234375 0.5798611109375 0.6357421875 0.590277778125
10 0.5458984375 0.527777778125 0.556640625 0.5086805562500001 0.55859375 0.4947916671875 0.556640625 0.484375 0.5400390625 0.4583333328125 0.5341796875 0.4548611109375 0.5263671875 0.46180555625 0.51953125 0.4739583328125 0.517578125 0.48784722187499996 0.521484375 0.512152778125 0.5244140625 0.5173611109375 0.5322265625 0.5243055562500001 0.5458984375 0.527777778125
6 0.36875 0.78359375 0.0421875 0.12734375