10 0.58359375 0.1390625 0.040625 0.06640625
10 0.09296875 0.50859375 0.04375 0.078125
7 0.3375 0.3703125 0.18359375 0.40703125
6 0.65390625 0.64921875 0.04765625 0.13046875
10 0.08984375 0.77109375 0.04453125 0.08203125
10 0.58515625 0.525 0.03984375 0.075
10 0.38046875 0.721875 0.0421875 0.07734375
10 0.28828125 0.70703125 0.04375 0.0734375
10 0.4046875 0.55625 0.0421875 0.07890625
10 0.0890625 0.02265625 0.0453125 0.0453125
10 0.58515625 0.79296875 0.0375 0.059375
10 0.271875 0.646875 0.03828125 0.07421875
10 0.33671875 0.7796875 0.0421875 0.0765625
10 0.2734375 0.20078125 0.04609375 0.08359375
10 0.26953125 0.4484375 0.02890625 0.0703125
10 0.403125 0.11640625 0.0421875 0.075