7 0.66328125 0.36953125 0.184375 0.40390625
10 0.984375 0.646875 0.03125 0.071875
10 0.33515625 0.14140625 0.0453125 0.07890625
10 0.778125 0.6375 0.040625 0.07265625
10 0.33359375 0.79609375 0.0421875 0.07734375
10 0.54375 0.03046875 0.03671875 0.05703125
10 0.334375 0.50390625 0.0421875 0.07578125
10 0.54453125 0.63515625 0.0390625 0.06640625
10 0.98359375 0.31875 0.0328125 0.084375
10 0.63046875 0.60703125 0.0375 0.0671875
10 0.66015625 0.57578125 0.0375 0.06171875
10 0.77890625 0.496875 0.0359375 0.071875
6 0.3359375 0.6140625 0.04140625 0.13828125
10 0.778125 0.04453125 0.04609375 0.078125
10 0.984375 0.140625 0.03125 0.06875
10 0.740625 0.7734375 0.040625 0.075
10 0.0734375 0.66328125 0.0234375 0.07265625
10 0.75703125 0.834375 0.0296875 0.04375
10 0.6609375 0.83515625 0.03046875 0.03125
10 0.55625 0.834375 0.03125 0.03359375