10 0.24375 0.61640625 0.0375 0.06640625
10 0.24375 0.496875 0.03828125 0.06640625
10 0.64296875 0.66171875 0.04140625 0.078125
10 0.64140625 0.5 0.0390625 0.06953125
7 0.3328125 0.36171875 0.178125 0.40390625
10 0.4375 0.0515625 0.03515625 0.06171875
10 0.39296875 0.753125 0.04453125 0.071875
10 0.64140625 0.14609375 0.0390625 0.07109375
10 0.03671875 0.02421875 0.0390625 0.0484375
10 0.3390625 0.834375 0.02734375 0.0265625
10 0.29375 0.76328125 0.03828125 0.0671875
6 0.64375 0.7796875 0.0453125 0.13125
10 0.3671875 0.52890625 0.0390625 0.06953125
10 0.034375 0.5125 0.04296875 0.078125
10 0.43671875 0.72890625 0.0375 0.06875
10 0.2453125 0.040625 0.03828125 0.08046875
10 0.0390625 0.7765625 0.0390625 0.0703125