8 0.96484375 0.831597221875 0.96484375 0.543402778125 0.966796875 0.5364583328125 0.9658203125 0.125 0.9609375 0.16493055625 0.95703125 0.2864583328125 0.955078125 0.29340277812500004 0.931640625 0.8177083328125001 0.931640625 0.8454861109375 0.9365234375 0.8506944437499999 0.9541015625 0.8506944437499999 0.9619140625 0.847222221875 0.96484375 0.831597221875
8 0.8486328125 0.84375 0.8544921875 0.847222221875 0.857421875 0.8420138890625 0.853515625 0.703125 0.83984375 0.3767361109375 0.837890625 0.3697916671875 0.837890625 0.3177083328125 0.8359375 0.3107638890625 0.8359375 0.26909722187499996 0.833984375 0.26215277812500004 0.833984375 0.22048611093749998 0.830078125 0.13715277812499999 0.8271484375 0.1354166671875 0.826171875 0.3732638890625 0.828125 0.3767361109375 0.828125 0.38715277812500004 0.826171875 0.39409722187499996 0.826171875 0.703125 0.82421875 0.7100694437499999 0.82421875 0.8385416671874999 0.8271484375 0.84375 0.8486328125 0.84375
8 0.7216796875 0.840277778125 0.7470703125 0.84375 0.751953125 0.8385416671874999 0.748046875 0.7274305562500001 0.740234375 0.5989583328125 0.73828125 0.5920138890625 0.73828125 0.5677083328125 0.736328125 0.5607638890625 0.736328125 0.5364583328125 0.734375 0.5295138890625 0.734375 0.49131944375 0.732421875 0.484375 0.73046875 0.41840277812500004 0.7265625 0.3489583328125 0.724609375 0.3420138890625 0.724609375 0.3107638890625 0.72265625 0.30381944375000003 0.71875 0.18576388906250002 0.716796875 0.17881944375 0.716796875 0.13715277812499999 0.7138671875 0.121527778125 0.7109375 0.14409722187500001 0.71484375 0.49131944375 0.716796875 0.4947916671875 0.71484375 0.5017361109375 0.716796875 0.5086805562500001 0.716796875 0.7204861109375 0.71875 0.7274305562500001 0.71875 0.8350694437499999 0.7216796875 0.840277778125
8 0.66015625 0.4114583328125 0.662109375 0.4045138890625 0.666015625 0.234375 0.6650390625 0.125 0.662109375 0.12673611093749998 0.66015625 0.171875 0.658203125 0.17881944375 0.654296875 0.2829861109375 0.65234375 0.28993055624999997 0.646484375 0.4045138890625 0.64453125 0.4114583328125 0.64453125 0.4357638890625 0.642578125 0.4427083328125 0.619140625 0.8350694437499999 0.6171875 0.8420138890625 0.6220703125 0.8506944437499999 0.6376953125 0.8506944437499999 0.65234375 0.8454861109375 0.658203125 0.637152778125 0.658203125 0.4982638890625 0.66015625 0.49131944375 0.66015625 0.4114583328125
8 0.5166015625 0.8506944437499999 0.5419921875 0.8506944437499999 0.546875 0.8454861109375 0.544921875 0.6892361109375 0.541015625 0.519097221875 0.5390625 0.512152778125 0.5390625 0.41840277812500004 0.537109375 0.4114583328125 0.537109375 0.30381944375000003 0.533203125 0.11631944375 0.5302734375 0.09375 0.52734375 0.112847221875 0.525390625 0.32465277812500004 0.5234375 0.33159722187499996 0.51953125 0.574652778125 0.517578125 0.581597221875 0.513671875 0.762152778125 0.513671875 0.8454861109375 0.5166015625 0.8506944437499999
8 0.44140625 0.8454861109375 0.44140625 0.7795138890625 0.439453125 0.7725694437499999 0.435546875 0.578125 0.421875 0.112847221875 0.4189453125 0.09375 0.416015625 0.11631944375 0.416015625 0.27256944375000003 0.4140625 0.2795138890625 0.4140625 0.296875 0.416015625 0.30034722187499996 0.416015625 0.3142361109375 0.4140625 0.32118055624999997 0.4140625 0.44618055625 0.412109375 0.44965277812500004 0.408203125 0.7725694437499999 0.408203125 0.8454861109375 0.4130859375 0.8506944437499999 0.4189453125 0.847222221875 0.4345703125 0.847222221875 0.4384765625 0.8506944437499999 0.44140625 0.8454861109375
8 0.33984375 0.7482638890625 0.341796875 0.7413194437499999 0.349609375 0.18576388906250002 0.3486328125 0.097222221875 0.345703125 0.09895833281250001 0.34375 0.1197916671875 0.33203125 0.32118055624999997 0.33203125 0.3489583328125 0.330078125 0.35590277812500004 0.310546875 0.7204861109375 0.310546875 0.7482638890625 0.30859375 0.7552083328125 0.3046875 0.828125 0.3056640625 0.847222221875 0.33984375 0.8454861109375 0.33984375 0.7482638890625
8 0.2021484375 0.8506944437499999 0.2080078125 0.847222221875 0.232421875 0.8454861109375 0.22265625 0.6267361109375 0.20703125 0.33159722187499996 0.205078125 0.32465277812500004 0.201171875 0.22395833281250002 0.19921875 0.21701388906250002 0.197265625 0.14409722187500001 0.1943359375 0.125 0.193359375 0.21006944375 0.197265625 0.644097221875 0.19921875 0.6510416671875 0.19921875 0.8454861109375 0.2021484375 0.8506944437499999
8 0.099609375 0.2552083328125 0.099609375 0.21354166718749998 0.09765625 0.206597221875 0.09765625 0.16493055625 0.095703125 0.15798611093749998 0.095703125 0.12673611093749998 0.0927734375 0.121527778125 0.09375 0.8072916671874999 0.095703125 0.8142361109375 0.0966796875 0.840277778125 0.1044921875 0.84375 0.1259765625 0.84375 0.126953125 0.796875 0.111328125 0.48784722187499996 0.109375 0.48090277812500004 0.109375 0.44618055625 0.107421875 0.4392361109375 0.10546875 0.35590277812500004 0.103515625 0.35243055624999997 0.103515625 0.30381944375000003 0.1015625 0.296875 0.1015625 0.26215277812500004 0.099609375 0.2552083328125
8 0.03125 0.265625 0.029296875 0.26215277812500004 0.03125 0.2552083328125 0.0302734375 0.1111111109375 0.02734375 0.1232638890625 0.02734375 0.14756944375 0.025390625 0.15451388906250002 0.025390625 0.1927083328125 0.0234375 0.19965277812499999 0.01953125 0.30381944375000003 0.017578125 0.3107638890625 0.017578125 0.35590277812500004 0.015625 0.36284722187499996 0.015625 0.39409722187499996 0.013671875 0.4010416671875 0.009765625 0.4739583328125 0.009765625 0.4947916671875 0.0166015625 0.503472221875 0.021484375 0.5295138890625 0.01953125 0.5538194437499999 0.01171875 0.5711805562500001 0.009765625 0.581597221875 0.009765625 0.5920138890625 0.013671875 0.5989583328125 0.0146484375 0.6111111109375 0.01171875 0.7135416671875 0.009765625 0.7204861109375 0.009765625 0.8420138890625 0.0126953125 0.847222221875 0.0244140625 0.84375 0.02734375 0.8350694437499999 0.029296875 0.3454861109375 0.03125 0.3385416671875 0.03125 0.265625
6 0.46796875 0.78515625 0.040625 0.1328125
4 0.89140625 0.67265625 0.09609375 0.3515625