4 0.8703125 0.67265625 0.12578125 0.35234375
8 0.5322265625 0.8368055562500001 0.541015625 0.824652778125 0.54296875 0.8072916671874999 0.541015625 0.796875 0.53515625 0.7795138890625 0.5224609375 0.7569444437499999 0.5185546875 0.7430555562500001 0.515625 0.7482638890625 0.515625 0.7552083328125 0.521484375 0.7795138890625 0.501953125 0.7864583328125 0.498046875 0.8107638890625 0.498046875 0.8385416671874999 0.5 0.8454861109375 0.5029296875 0.8506944437499999 0.5263671875 0.8506944437499999 0.5322265625 0.8368055562500001
6 0.4890625 0.78828125 0.03671875 0.1359375
8 0.9443359375 0.8506944437499999 0.958984375 0.824652778125 0.958984375 0.796875 0.95703125 0.7899305562500001 0.9462890625 0.7673611109375 0.9384765625 0.7430555562500001 0.935546875 0.7586805562500001 0.9453125 0.8038194437499999 0.9404296875 0.8125 0.9296875 0.8211805562500001 0.92578125 0.8177083328125001 0.92578125 0.8072916671874999 0.9228515625 0.7986111109375 0.9208984375 0.7986111109375 0.91796875 0.8038194437499999 0.91796875 0.8420138890625 0.9228515625 0.8506944437499999 0.9326171875 0.8541666671874999 0.9345703125 0.8506944437499999 0.9384765625 0.8541666671874999 0.9443359375 0.8506944437499999
8 0.8408203125 0.84375 0.8515625 0.8211805562500001 0.8515625 0.796875 0.849609375 0.7899305562500001 0.8271484375 0.746527778125 0.826171875 0.7586805562500001 0.8310546875 0.78125 0.8203125 0.8038194437499999 0.81640625 0.800347221875 0.8154296875 0.7916666671875 0.8125 0.796875 0.80859375 0.8107638890625 0.810546875 0.8420138890625 0.8173828125 0.847222221875 0.8369140625 0.847222221875 0.8408203125 0.84375
8 0.7392578125 0.84375 0.7421875 0.8385416671874999 0.7421875 0.8038194437499999 0.73828125 0.7899305562500001 0.71875 0.7829861109375 0.72265625 0.765625 0.72265625 0.7517361109375 0.7197265625 0.75 0.7158203125 0.7638888890625 0.701171875 0.793402778125 0.69921875 0.8211805562500001 0.7099609375 0.840277778125 0.7158203125 0.84375 0.7333984375 0.847222221875 0.7392578125 0.84375
8 0.6357421875 0.847222221875 0.6484375 0.8211805562500001 0.6484375 0.800347221875 0.64453125 0.7864583328125 0.6357421875 0.7708333328125 0.6279296875 0.7430555562500001 0.625 0.7586805562500001 0.6328125 0.7899305562500001 0.6328125 0.8038194437499999 0.6279296875 0.8125 0.6171875 0.8211805562500001 0.61328125 0.8177083328125001 0.611328125 0.796875 0.6103515625 0.7951388890625 0.607421875 0.800347221875 0.60546875 0.8072916671874999 0.60546875 0.8420138890625 0.607421875 0.8489583328125001 0.6318359375 0.8506944437499999 0.6357421875 0.847222221875
8 0.4267578125 0.840277778125 0.43359375 0.831597221875 0.4375 0.8211805562500001 0.435546875 0.793402778125 0.4130859375 0.7430555562500001 0.41015625 0.7482638890625 0.41015625 0.7586805562500001 0.416015625 0.7795138890625 0.40234375 0.7899305562500001 0.3994140625 0.7881944437499999 0.392578125 0.8107638890625 0.392578125 0.8350694437499999 0.396484375 0.8489583328125001 0.4248046875 0.8506944437499999 0.4267578125 0.840277778125
8 0.3271484375 0.8506944437499999 0.330078125 0.8454861109375 0.33203125 0.831597221875 0.330078125 0.800347221875 0.3251953125 0.7881944437499999 0.30859375 0.7829861109375 0.31640625 0.7552083328125 0.31640625 0.7482638890625 0.3134765625 0.7430555562500001 0.30859375 0.7586805562500001 0.29296875 0.7829861109375 0.2890625 0.793402778125 0.287109375 0.8177083328125001 0.2978515625 0.840277778125 0.2998046875 0.8506944437499999 0.3271484375 0.8506944437499999
8 0.2138671875 0.8506944437499999 0.2265625 0.824652778125 0.2265625 0.796875 0.224609375 0.7899305562500001 0.2021484375 0.746527778125 0.2001953125 0.746527778125 0.19921875 0.7586805562500001 0.20703125 0.7864583328125 0.193359375 0.796875 0.1904296875 0.7916666671875 0.1875 0.793402778125 0.18359375 0.8072916671874999 0.18359375 0.8350694437499999 0.185546875 0.8454861109375 0.1884765625 0.8506944437499999 0.2138671875 0.8506944437499999
8 0.0888671875 0.84375 0.1162109375 0.84375 0.119140625 0.831597221875 0.1171875 0.800347221875 0.1123046875 0.7916666671875 0.109375 0.793402778125 0.09375 0.7795138890625 0.099609375 0.7586805562500001 0.0966796875 0.75 0.078125 0.793402778125 0.076171875 0.800347221875 0.076171875 0.8211805562500001 0.0810546875 0.8333333328125001 0.0888671875 0.84375
8 0.0107421875 0.84375 0.021484375 0.828125 0.0234375 0.8072916671874999 0.021484375 0.793402778125 0.0087890625 0.7673611109375 0.0009765625 0.7430555562500001 0.0009765625 0.840277778125 0.0107421875 0.84375