10 0.634375 0.796875 0.0390625 0.06953125
10 0.2421875 0.1609375 0.0453125 0.07890625
10 0.340625 0.6671875 0.0390625 0.06953125
10 0.24140625 0.7296875 0.0421875 0.06796875
7 0.334375 0.3671875 0.17890625 0.41171875
10 0.421875 0.8359375 0.0296875 0.03046875
10 0.61953125 0.66875 0.03984375 0.07109375
10 0.921875 0.5234375 0.0296875 0.0671875
10 0.63125 0.14453125 0.04765625 0.0796875
10 0.3390625 0.834375 0.01953125 0.03046875
10 0.4359375 0.1609375 0.0328125 0.06875
10 0.4375 0.48203125 0.0390625 0.07421875
10 0.4375 0.72890625 0.0390625 0.07890625
10 0.04765625 0.7875 0.0390625 0.07109375
10 0.0421875 0.021875 0.05 0.04375
10 0.2578125 0.821875 0.0390625 0.06328125
10 0.9234375 0.79296875 0.0265625 0.0625
10 0.0140625 0.68046875 0.028125 0.07734375
6 0.73984375 0.57421875 0.03125 0.11875